,Timestamp,Node,Subsystem,Message,Type,Tuple
59052,1171442011,tg-c401,DEV,+BEGIN HARDWARE ERROR STATE AT CPE,computation,324
59053,1171442011,tg-c401,DEV,+END HARDWARE ERROR STATE AT CPE,computation,324
59054,1171442011,tg-c401,DEV,+Platform PCI Component Error Info Section,computation,324
59055,1171442011,tg-c401,DEV,+Platform Specific Error Info Section,computation,324
59056,1171442011,tg-c401,DEV,"Component Info: Vendor Id =x x, Device Id =x x, Class Code =x x, Seg Bus Dev Func =x x x x x",computation,324
59057,1171442011,tg-c401,DEV,"Component Info: Vendor Id =x x, Device Id =x x, Class Code =x x, Seg Bus Dev Func =x x x x x",computation,324
59058,1171442011,tg-c401,DEV,"Component Info: Vendor Id =x x, Device Id =x x, Class Code =x x, Seg Bus Dev Func =x x x x x",computation,324
59059,1171442011,tg-c401,DEV,"Component Info: Vendor Id =x x, Device Id =x x, Class Code =x x, Seg Bus Dev Func =x x x x x",computation,324
59060,1171442011,tg-c401,DEV,+ Platform Specific Error Detail:,computation,324
59061,1171442011,tg-c401,MEM,"Physical Address x, Address Mask: x, Node: x, Card: x, Module: x, Bank: x, Device: x, Row: x, Column: x,",computation,324
59062,1171442011,tg-c401,MEM,"Physical Address x, Address Mask: x, Node: x, Card: x, Module: x, Bank: x, Device: x, Row: x, Column: x,",computation,324
59063,1171442017,tg-c401,DEV,+BEGIN HARDWARE ERROR STATE AT CPE,computation,324
59064,1171442017,tg-c401,DEV,+END HARDWARE ERROR STATE AT CPE,computation,324
59065,1171442017,tg-c401,DEV,+Platform PCI Component Error Info Section,computation,324
59066,1171442017,tg-c401,DEV,+Platform Specific Error Info Section,computation,324
59067,1171442017,tg-c401,DEV,"Component Info: Vendor Id =x x, Device Id =x x, Class Code =x x, Seg Bus Dev Func =x x x x x",computation,324
59068,1171442017,tg-c401,DEV,"Component Info: Vendor Id =x x, Device Id =x x, Class Code =x x, Seg Bus Dev Func =x x x x x",computation,324
59069,1171442017,tg-c401,DEV,"Component Info: Vendor Id =x x, Device Id =x x, Class Code =x x, Seg Bus Dev Func =x x x x x",computation,324
59070,1171442017,tg-c401,DEV,"Component Info: Vendor Id =x x, Device Id =x x, Class Code =x x, Seg Bus Dev Func =x x x x x",computation,324
59071,1171442017,tg-c401,DEV,+ Platform Specific Error Detail:,computation,324
59072,1171442017,tg-c401,MEM,"Physical Address x, Address Mask: x, Node: x, Card: x, Module: x, Bank: x, Device: x, Row: x, Column: x,",computation,324
59073,1171442017,tg-c401,MEM,"Physical Address x, Address Mask: x, Node: x, Card: x, Module: x, Bank: x, Device: x, Row: x, Column: x,",computation,324
59074,1171442032,tg-c401,DEV,+BEGIN HARDWARE ERROR STATE AT CPE,computation,324
59075,1171442032,tg-c401,DEV,+END HARDWARE ERROR STATE AT CPE,computation,324
59076,1171442032,tg-c401,DEV,+Platform PCI Component Error Info Section,computation,324
59077,1171442032,tg-c401,DEV,+Platform Specific Error Info Section,computation,324
59078,1171442032,tg-c401,DEV,"Component Info: Vendor Id =x x, Device Id =x x, Class Code =x x, Seg Bus Dev Func =x x x x x",computation,324
59079,1171442032,tg-c401,DEV,"Component Info: Vendor Id =x x, Device Id =x x, Class Code =x x, Seg Bus Dev Func =x x x x x",computation,324
59080,1171442032,tg-c401,DEV,"Component Info: Vendor Id =x x, Device Id =x x, Class Code =x x, Seg Bus Dev Func =x x x x x",computation,324
59081,1171442032,tg-c401,DEV,"Component Info: Vendor Id =x x, Device Id =x x, Class Code =x x, Seg Bus Dev Func =x x x x x",computation,324
59082,1171442032,tg-c401,DEV,+ Platform Specific Error Detail:,computation,324
59083,1171442032,tg-c401,MEM,"Physical Address x, Address Mask: x, Node: x, Card: x, Module: x, Bank: x, Device: x, Row: x, Column: x,",computation,324
59084,1171442032,tg-c401,MEM,"Physical Address x, Address Mask: x, Node: x, Card: x, Module: x, Bank: x, Device: x, Row: x, Column: x,",computation,324
59085,1171442037,tg-c401,DEV,+BEGIN HARDWARE ERROR STATE AT CPE,computation,324
59086,1171442037,tg-c401,DEV,+Platform PCI Component Error Info Section,computation,324
59087,1171442037,tg-c401,DEV,"Component Info: Vendor Id =x x, Device Id =x x, Class Code =x x, Seg Bus Dev Func =x x x x x",computation,324
59088,1171442037,tg-c401,DEV,"Component Info: Vendor Id =x x, Device Id =x x, Class Code =x x, Seg Bus Dev Func =x x x x x",computation,324
59089,1171442037,tg-c401,DEV,"Component Info: Vendor Id =x x, Device Id =x x, Class Code =x x, Seg Bus Dev Func =x x x x x",computation,324
59090,1171442038,tg-c401,DEV,"Component Info: Vendor Id =x x, Device Id =x x, Class Code =x x, Seg Bus Dev Func =x x x x x",computation,324
59091,1171442038,tg-c401,DEV,+ Platform Specific Error Detail:,computation,324
59092,1171442038,tg-c401,MEM,"Physical Address x, Address Mask: x, Node: x, Card: x, Module: x, Bank: x, Device: x, Row: x, Column: x,",computation,324
59093,1171442038,tg-c401,MEM,"Physical Address x, Address Mask: x, Node: x, Card: x, Module: x, Bank: x, Device: x, Row: x, Column: x,",computation,324
59094,1171442048,tg-c401,DEV,+BEGIN HARDWARE ERROR STATE AT CPE,computation,324
59095,1171442048,tg-c401,DEV,+Platform PCI Component Error Info Section,computation,324
59096,1171442048,tg-c401,DEV,"Component Info: Vendor Id =x x, Device Id =x x, Class Code =x x, Seg Bus Dev Func =x x x x x",computation,324
59097,1171442048,tg-c401,DEV,"Component Info: Vendor Id =x x, Device Id =x x, Class Code =x x, Seg Bus Dev Func =x x x x x",computation,324
59098,1171442049,tg-c401,DEV,+END HARDWARE ERROR STATE AT CPE,computation,324
59099,1171442049,tg-c401,DEV,+Platform Specific Error Info Section,computation,324
59100,1171442049,tg-c401,DEV,"Component Info: Vendor Id =x x, Device Id =x x, Class Code =x x, Seg Bus Dev Func =x x x x x",computation,324
59101,1171442049,tg-c401,DEV,+ Platform Specific Error Detail:,computation,324
59102,1171442049,tg-c401,MEM,"Physical Address x, Address Mask: x, Node: x, Card: x, Module: x, Bank: x, Device: x, Row: x, Column: x,",computation,324
59103,1171442049,tg-c401,MEM,"Physical Address x, Address Mask: x, Node: x, Card: x, Module: x, Bank: x, Device: x, Row: x, Column: x,",computation,324
59104,1171442111,tg-c401,DEV,+BEGIN HARDWARE ERROR STATE AT CPE,computation,324
59105,1171442111,tg-c401,DEV,+END HARDWARE ERROR STATE AT CPE,computation,324
59106,1171442111,tg-c401,DEV,+Platform PCI Component Error Info Section,computation,324
59107,1171442111,tg-c401,DEV,+Platform Specific Error Info Section,computation,324
59108,1171442111,tg-c401,DEV,"Component Info: Vendor Id =x x, Device Id =x x, Class Code =x x, Seg Bus Dev Func =x x x x x",computation,324
59109,1171442111,tg-c401,DEV,"Component Info: Vendor Id =x x, Device Id =x x, Class Code =x x, Seg Bus Dev Func =x x x x x",computation,324
59110,1171442111,tg-c401,DEV,"Component Info: Vendor Id =x x, Device Id =x x, Class Code =x x, Seg Bus Dev Func =x x x x x",computation,324
59111,1171442111,tg-c401,DEV,"Component Info: Vendor Id =x x, Device Id =x x, Class Code =x x, Seg Bus Dev Func =x x x x x",computation,324
59112,1171442111,tg-c401,DEV,+ Platform Specific Error Detail:,computation,324
59113,1171442111,tg-c401,MEM,"Physical Address x, Address Mask: x, Node: x, Card: x, Module: x, Bank: x, Device: x, Row: x, Column: x,",computation,324
59114,1171442111,tg-c401,MEM,"Physical Address x, Address Mask: x, Node: x, Card: x, Module: x, Bank: x, Device: x, Row: x, Column: x,",computation,324
59115,1171442117,tg-c401,DEV,+BEGIN HARDWARE ERROR STATE AT CPE,computation,324
59116,1171442117,tg-c401,DEV,+Platform PCI Component Error Info Section,computation,324
59117,1171442117,tg-c401,DEV,+Platform Specific Error Info Section,computation,324
59118,1171442117,tg-c401,DEV,"Component Info: Vendor Id =x x, Device Id =x x, Class Code =x x, Seg Bus Dev Func =x x x x x",computation,324
59119,1171442117,tg-c401,DEV,"Component Info: Vendor Id =x x, Device Id =x x, Class Code =x x, Seg Bus Dev Func =x x x x x",computation,324
59120,1171442117,tg-c401,DEV,"Component Info: Vendor Id =x x, Device Id =x x, Class Code =x x, Seg Bus Dev Func =x x x x x",computation,324
59121,1171442117,tg-c401,DEV,"Component Info: Vendor Id =x x, Device Id =x x, Class Code =x x, Seg Bus Dev Func =x x x x x",computation,324
59122,1171442117,tg-c401,DEV,+ Platform Specific Error Detail:,computation,324
59123,1171442117,tg-c401,MEM,"Physical Address x, Address Mask: x, Node: x, Card: x, Module: x, Bank: x, Device: x, Row: x, Column: x,",computation,324
59124,1171442117,tg-c401,MEM,"Physical Address x, Address Mask: x, Node: x, Card: x, Module: x, Bank: x, Device: x, Row: x, Column: x,",computation,324
59125,1171442118,tg-c401,DEV,+BEGIN HARDWARE ERROR STATE AT CPE,computation,324
59126,1171442118,tg-c401,DEV,+Platform PCI Component Error Info Section,computation,324
59127,1171442118,tg-c401,DEV,+Platform Specific Error Info Section,computation,324
59128,1171442118,tg-c401,DEV,"Component Info: Vendor Id =x x, Device Id =x x, Class Code =x x, Seg Bus Dev Func =x x x x x",computation,324
59129,1171442118,tg-c401,DEV,"Component Info: Vendor Id =x x, Device Id =x x, Class Code =x x, Seg Bus Dev Func =x x x x x",computation,324
59130,1171442118,tg-c401,DEV,"Component Info: Vendor Id =x x, Device Id =x x, Class Code =x x, Seg Bus Dev Func =x x x x x",computation,324
59131,1171442118,tg-c401,DEV,"Component Info: Vendor Id =x x, Device Id =x x, Class Code =x x, Seg Bus Dev Func =x x x x x",computation,324
59132,1171442118,tg-c401,MEM,"Physical Address x, Address Mask: x, Node: x, Card: x, Module: x, Bank: x, Device: x, Row: x, Column: x,",computation,324
59133,1171442118,tg-c401,MEM,"Physical Address x, Address Mask: x, Node: x, Card: x, Module: x, Bank: x, Device: x, Row: x, Column: x,",computation,324
59134,1171442119,tg-c401,DEV,+END HARDWARE ERROR STATE AT CPE,computation,324
59135,1171442119,tg-c401,DEV,+ Platform Specific Error Detail:,computation,324
59136,1171442123,tg-c401,DEV,+BEGIN HARDWARE ERROR STATE AT CPE,computation,324
59137,1171442123,tg-c401,DEV,+END HARDWARE ERROR STATE AT CPE,computation,324
59138,1171442123,tg-c401,DEV,+Platform PCI Component Error Info Section,computation,324
59139,1171442123,tg-c401,DEV,+Platform Specific Error Info Section,computation,324
59140,1171442123,tg-c401,DEV,"Component Info: Vendor Id =x x, Device Id =x x, Class Code =x x, Seg Bus Dev Func =x x x x x",computation,324
59141,1171442123,tg-c401,DEV,"Component Info: Vendor Id =x x, Device Id =x x, Class Code =x x, Seg Bus Dev Func =x x x x x",computation,324
59142,1171442123,tg-c401,DEV,"Component Info: Vendor Id =x x, Device Id =x x, Class Code =x x, Seg Bus Dev Func =x x x x x",computation,324
59143,1171442123,tg-c401,DEV,"Component Info: Vendor Id =x x, Device Id =x x, Class Code =x x, Seg Bus Dev Func =x x x x x",computation,324
59144,1171442123,tg-c401,DEV,+ Platform Specific Error Detail:,computation,324
59145,1171442123,tg-c401,MEM,"Physical Address x, Address Mask: x, Node: x, Card: x, Module: x, Bank: x, Device: x, Row: x, Column: x,",computation,324
59146,1171442123,tg-c401,MEM,"Physical Address x, Address Mask: x, Node: x, Card: x, Module: x, Bank: x, Device: x, Row: x, Column: x,",computation,324
59147,1171442150,tg-c401,DEV,+BEGIN HARDWARE ERROR STATE AT CPE,computation,324
59148,1171442150,tg-c401,DEV,+Platform PCI Component Error Info Section,computation,324
59149,1171442150,tg-c401,DEV,"Component Info: Vendor Id =x x, Device Id =x x, Class Code =x x, Seg Bus Dev Func =x x x x x",computation,324
59150,1171442150,tg-c401,DEV,"Component Info: Vendor Id =x x, Device Id =x x, Class Code =x x, Seg Bus Dev Func =x x x x x",computation,324
59151,1171442150,tg-c401,DEV,"Component Info: Vendor Id =x x, Device Id =x x, Class Code =x x, Seg Bus Dev Func =x x x x x",computation,324
59152,1171442150,tg-c401,DEV,"Component Info: Vendor Id =x x, Device Id =x x, Class Code =x x, Seg Bus Dev Func =x x x x x",computation,324
59153,1171442151,tg-c401,DEV,+END HARDWARE ERROR STATE AT CPE,computation,324
59154,1171442151,tg-c401,DEV,+Platform Specific Error Info Section,computation,324
59155,1171442151,tg-c401,DEV,+ Platform Specific Error Detail:,computation,324
59156,1171442151,tg-c401,MEM,"Physical Address x, Address Mask: x, Node: x, Card: x, Module: x, Bank: x, Device: x, Row: x, Column: x,",computation,324
59157,1171442151,tg-c401,MEM,"Physical Address x, Address Mask: x, Node: x, Card: x, Module: x, Bank: x, Device: x, Row: x, Column: x,",computation,324
59158,1171442212,tg-c401,DEV,+BEGIN HARDWARE ERROR STATE AT CPE,computation,324
59159,1171442213,tg-c401,DEV,+Platform PCI Component Error Info Section,computation,324
59160,1171442213,tg-c401,DEV,+Platform Specific Error Info Section,computation,324
59161,1171442213,tg-c401,DEV,"Component Info: Vendor Id =x x, Device Id =x x, Class Code =x x, Seg Bus Dev Func =x x x x x",computation,324
59162,1171442213,tg-c401,DEV,"Component Info: Vendor Id =x x, Device Id =x x, Class Code =x x, Seg Bus Dev Func =x x x x x",computation,324
59163,1171442213,tg-c401,DEV,"Component Info: Vendor Id =x x, Device Id =x x, Class Code =x x, Seg Bus Dev Func =x x x x x",computation,324
59164,1171442213,tg-c401,DEV,"Component Info: Vendor Id =x x, Device Id =x x, Class Code =x x, Seg Bus Dev Func =x x x x x",computation,324
59165,1171442213,tg-c401,MEM,"Physical Address x, Address Mask: x, Node: x, Card: x, Module: x, Bank: x, Device: x, Row: x, Column: x,",computation,324
59166,1171442213,tg-c401,MEM,"Physical Address x, Address Mask: x, Node: x, Card: x, Module: x, Bank: x, Device: x, Row: x, Column: x,",computation,324
59167,1171442247,tg-c401,DEV,+BEGIN HARDWARE ERROR STATE AT CPE,computation,324
59168,1171442247,tg-c401,DEV,+Platform PCI Component Error Info Section,computation,324
59169,1171442247,tg-c401,DEV,"Component Info: Vendor Id =x x, Device Id =x x, Class Code =x x, Seg Bus Dev Func =x x x x x",computation,324
59170,1171442247,tg-c401,DEV,"Component Info: Vendor Id =x x, Device Id =x x, Class Code =x x, Seg Bus Dev Func =x x x x x",computation,324
59171,1171442248,tg-c401,DEV,+END HARDWARE ERROR STATE AT CPE,computation,324
59172,1171442248,tg-c401,DEV,+Platform Specific Error Info Section,computation,324
59173,1171442248,tg-c401,DEV,"Component Info: Vendor Id =x x, Device Id =x x, Class Code =x x, Seg Bus Dev Func =x x x x x",computation,324
59174,1171442248,tg-c401,DEV,"Component Info: Vendor Id =x x, Device Id =x x, Class Code =x x, Seg Bus Dev Func =x x x x x",computation,324
59175,1171442248,tg-c401,DEV,+ Platform Specific Error Detail:,computation,324
59176,1171442248,tg-c401,MEM,"Physical Address x, Address Mask: x, Node: x, Card: x, Module: x, Bank: x, Device: x, Row: x, Column: x,",computation,324
59177,1171442248,tg-c401,MEM,"Physical Address x, Address Mask: x, Node: x, Card: x, Module: x, Bank: x, Device: x, Row: x, Column: x,",computation,324
59178,1171442286,tg-c401,DEV,+BEGIN HARDWARE ERROR STATE AT CPE,computation,324
59179,1171442286,tg-c401,DEV,+END HARDWARE ERROR STATE AT CPE,computation,324
59180,1171442286,tg-c401,DEV,+Platform PCI Component Error Info Section,computation,324
59181,1171442286,tg-c401,DEV,+Platform Specific Error Info Section,computation,324
59182,1171442286,tg-c401,DEV,"Component Info: Vendor Id =x x, Device Id =x x, Class Code =x x, Seg Bus Dev Func =x x x x x",computation,324
59183,1171442286,tg-c401,DEV,"Component Info: Vendor Id =x x, Device Id =x x, Class Code =x x, Seg Bus Dev Func =x x x x x",computation,324
59184,1171442286,tg-c401,DEV,"Component Info: Vendor Id =x x, Device Id =x x, Class Code =x x, Seg Bus Dev Func =x x x x x",computation,324
59185,1171442286,tg-c401,DEV,"Component Info: Vendor Id =x x, Device Id =x x, Class Code =x x, Seg Bus Dev Func =x x x x x",computation,324
59186,1171442286,tg-c401,DEV,+ Platform Specific Error Detail:,computation,324
59187,1171442286,tg-c401,MEM,"Physical Address x, Address Mask: x, Node: x, Card: x, Module: x, Bank: x, Device: x, Row: x, Column: x,",computation,324
59188,1171442286,tg-c401,MEM,"Physical Address x, Address Mask: x, Node: x, Card: x, Module: x, Bank: x, Device: x, Row: x, Column: x,",computation,324
59189,1171442305,tg-c401,DEV,+BEGIN HARDWARE ERROR STATE AT CPE,computation,324
59190,1171442305,tg-c401,DEV,+Platform PCI Component Error Info Section,computation,324
59191,1171442305,tg-c401,DEV,"Component Info: Vendor Id =x x, Device Id =x x, Class Code =x x, Seg Bus Dev Func =x x x x x",computation,324
59192,1171442306,tg-c401,DEV,+END HARDWARE ERROR STATE AT CPE,computation,324
59193,1171442306,tg-c401,DEV,+Platform PCI Component Error Info Section,computation,324
59194,1171442306,tg-c401,DEV,"Component Info: Vendor Id =x x, Device Id =x x, Class Code =x x, Seg Bus Dev Func =x x x x x",computation,324
59195,1171442306,tg-c401,DEV,"Component Info: Vendor Id =x x, Device Id =x x, Class Code =x x, Seg Bus Dev Func =x x x x x",computation,324
59196,1171442306,tg-c401,DEV,"Component Info: Vendor Id =x x, Device Id =x x, Class Code =x x, Seg Bus Dev Func =x x x x x",computation,324
59197,1171442306,tg-c401,DEV,+ Platform Specific Error Detail:,computation,324
59198,1171442306,tg-c401,MEM,"Physical Address x, Address Mask: x, Node: x, Card: x, Module: x, Bank: x, Device: x, Row: x, Column: x,",computation,324
59199,1171442306,tg-c401,MEM,"Physical Address x, Address Mask: x, Node: x, Card: x, Module: x, Bank: x, Device: x, Row: x, Column: x,",computation,324
59200,1171442394,tg-c401,DEV,+BEGIN HARDWARE ERROR STATE AT CPE,computation,324
59201,1171442394,tg-c401,DEV,+Platform PCI Component Error Info Section,computation,324
59202,1171442394,tg-c401,DEV,"Component Info: Vendor Id =x x, Device Id =x x, Class Code =x x, Seg Bus Dev Func =x x x x x",computation,324
59203,1171442394,tg-c401,DEV,"Component Info: Vendor Id =x x, Device Id =x x, Class Code =x x, Seg Bus Dev Func =x x x x x",computation,324
59204,1171442394,tg-c401,DEV,"Component Info: Vendor Id =x x, Device Id =x x, Class Code =x x, Seg Bus Dev Func =x x x x x",computation,324
59205,1171442394,tg-c401,DEV,"Component Info: Vendor Id =x x, Device Id =x x, Class Code =x x, Seg Bus Dev Func =x x x x x",computation,324
59206,1171442394,tg-c401,MEM,"Physical Address x, Address Mask: x, Node: x, Card: x, Module: x, Bank: x, Device: x, Row: x, Column: x,",computation,324
59207,1171442394,tg-c401,MEM,"Physical Address x, Address Mask: x, Node: x, Card: x, Module: x, Bank: x, Device: x, Row: x, Column: x,",computation,324
59208,1171442395,tg-c401,DEV,+END HARDWARE ERROR STATE AT CPE,computation,324
59209,1171442395,tg-c401,DEV,+Platform Specific Error Info Section,computation,324
59210,1171442395,tg-c401,DEV,+ Platform Specific Error Detail:,computation,324
59211,1171442404,tg-c401,DEV,+BEGIN HARDWARE ERROR STATE AT CPE,computation,324
59212,1171442404,tg-c401,DEV,+Platform PCI Component Error Info Section,computation,324
59213,1171442404,tg-c401,DEV,"Component Info: Vendor Id =x x, Device Id =x x, Class Code =x x, Seg Bus Dev Func =x x x x x",computation,324
59214,1171442404,tg-c401,DEV,"Component Info: Vendor Id =x x, Device Id =x x, Class Code =x x, Seg Bus Dev Func =x x x x x",computation,324
59215,1171442405,tg-c401,DEV,+BEGIN HARDWARE ERROR STATE AT CPE,computation,324
59216,1171442405,tg-c401,DEV,+Platform Specific Error Info Section,computation,324
59217,1171442405,tg-c401,DEV,"Component Info: Vendor Id =x x, Device Id =x x, Class Code =x x, Seg Bus Dev Func =x x x x x",computation,324
59218,1171442405,tg-c401,DEV,"Component Info: Vendor Id =x x, Device Id =x x, Class Code =x x, Seg Bus Dev Func =x x x x x",computation,324
59219,1171442405,tg-c401,DEV,+ Platform Specific Error Detail:,computation,324
59220,1171442405,tg-c401,MEM,"Physical Address x, Address Mask: x, Node: x, Card: x, Module: x, Bank: x, Device: x, Row: x, Column: x,",computation,324
59221,1171442405,tg-c401,MEM,"Physical Address x, Address Mask: x, Node: x, Card: x, Module: x, Bank: x, Device: x, Row: x, Column: x,",computation,324
59222,1171442406,tg-c401,DEV,+Platform PCI Component Error Info Section,computation,324
59223,1171442406,tg-c401,DEV,+Platform Specific Error Info Section,computation,324
59224,1171442406,tg-c401,DEV,"Component Info: Vendor Id =x x, Device Id =x x, Class Code =x x, Seg Bus Dev Func =x x x x x",computation,324
59225,1171442406,tg-c401,DEV,"Component Info: Vendor Id =x x, Device Id =x x, Class Code =x x, Seg Bus Dev Func =x x x x x",computation,324
59226,1171442406,tg-c401,DEV,"Component Info: Vendor Id =x x, Device Id =x x, Class Code =x x, Seg Bus Dev Func =x x x x x",computation,324
59227,1171442406,tg-c401,DEV,"Component Info: Vendor Id =x x, Device Id =x x, Class Code =x x, Seg Bus Dev Func =x x x x x",computation,324
59228,1171442406,tg-c401,DEV,+ Platform Specific Error Detail:,computation,324
59229,1171442406,tg-c401,MEM,"Physical Address x, Address Mask: x, Node: x, Card: x, Module: x, Bank: x, Device: x, Row: x, Column: x,",computation,324
59230,1171442406,tg-c401,MEM,"Physical Address x, Address Mask: x, Node: x, Card: x, Module: x, Bank: x, Device: x, Row: x, Column: x,",computation,324
59231,1171442411,tg-c401,DEV,+BEGIN HARDWARE ERROR STATE AT CPE,computation,324
59232,1171442411,tg-c401,DEV,+Platform PCI Component Error Info Section,computation,324
59233,1171442411,tg-c401,DEV,+Platform Specific Error Info Section,computation,324
59234,1171442411,tg-c401,DEV,"Component Info: Vendor Id =x x, Device Id =x x, Class Code =x x, Seg Bus Dev Func =x x x x x",computation,324
59235,1171442411,tg-c401,DEV,"Component Info: Vendor Id =x x, Device Id =x x, Class Code =x x, Seg Bus Dev Func =x x x x x",computation,324
59236,1171442411,tg-c401,DEV,"Component Info: Vendor Id =x x, Device Id =x x, Class Code =x x, Seg Bus Dev Func =x x x x x",computation,324
59237,1171442411,tg-c401,DEV,"Component Info: Vendor Id =x x, Device Id =x x, Class Code =x x, Seg Bus Dev Func =x x x x x",computation,324
59238,1171442411,tg-c401,DEV,+ Platform Specific Error Detail:,computation,324
59239,1171442411,tg-c401,MEM,"Physical Address x, Address Mask: x, Node: x, Card: x, Module: x, Bank: x, Device: x, Row: x, Column: x,",computation,324
59240,1171442411,tg-c401,MEM,"Physical Address x, Address Mask: x, Node: x, Card: x, Module: x, Bank: x, Device: x, Row: x, Column: x,",computation,324
59241,1171442418,tg-c401,DEV,+BEGIN HARDWARE ERROR STATE AT CPE,computation,324
59242,1171442418,tg-c401,DEV,+Platform PCI Component Error Info Section,computation,324
59243,1171442418,tg-c401,DEV,"Component Info: Vendor Id =x x, Device Id =x x, Class Code =x x, Seg Bus Dev Func =x x x x x",computation,324
59244,1171442418,tg-c401,DEV,"Component Info: Vendor Id =x x, Device Id =x x, Class Code =x x, Seg Bus Dev Func =x x x x x",computation,324
59245,1171442418,tg-c401,DEV,"Component Info: Vendor Id =x x, Device Id =x x, Class Code =x x, Seg Bus Dev Func =x x x x x",computation,324
59246,1171442418,tg-c401,DEV,"Component Info: Vendor Id =x x, Device Id =x x, Class Code =x x, Seg Bus Dev Func =x x x x x",computation,324
59247,1171442419,tg-c401,DEV,+END HARDWARE ERROR STATE AT CPE,computation,324
59248,1171442419,tg-c401,DEV,+Platform Specific Error Info Section,computation,324
59249,1171442419,tg-c401,DEV,+ Platform Specific Error Detail:,computation,324
59250,1171442419,tg-c401,MEM,"Physical Address x, Address Mask: x, Node: x, Card: x, Module: x, Bank: x, Device: x, Row: x, Column: x,",computation,324
59251,1171442419,tg-c401,MEM,"Physical Address x, Address Mask: x, Node: x, Card: x, Module: x, Bank: x, Device: x, Row: x, Column: x,",computation,324
59252,1171442443,tg-c401,DEV,+BEGIN HARDWARE ERROR STATE AT CPE,computation,324
59253,1171442443,tg-c401,DEV,+Platform PCI Component Error Info Section,computation,324
59254,1171442443,tg-c401,DEV,+Platform Specific Error Info Section,computation,324
59255,1171442443,tg-c401,DEV,"Component Info: Vendor Id =x x, Device Id =x x, Class Code =x x, Seg Bus Dev Func =x x x x x",computation,324
59256,1171442443,tg-c401,DEV,"Component Info: Vendor Id =x x, Device Id =x x, Class Code =x x, Seg Bus Dev Func =x x x x x",computation,324
59257,1171442443,tg-c401,DEV,"Component Info: Vendor Id =x x, Device Id =x x, Class Code =x x, Seg Bus Dev Func =x x x x x",computation,324
59258,1171442443,tg-c401,DEV,"Component Info: Vendor Id =x x, Device Id =x x, Class Code =x x, Seg Bus Dev Func =x x x x x",computation,324
59259,1171442443,tg-c401,DEV,+ Platform Specific Error Detail:,computation,324
59260,1171442443,tg-c401,MEM,"Physical Address x, Address Mask: x, Node: x, Card: x, Module: x, Bank: x, Device: x, Row: x, Column: x,",computation,324
59261,1171442443,tg-c401,MEM,"Physical Address x, Address Mask: x, Node: x, Card: x, Module: x, Bank: x, Device: x, Row: x, Column: x,",computation,324
59262,1171442444,tg-c401,DEV,+Platform PCI Component Error Info Section,computation,324
59263,1171442444,tg-c401,DEV,+Platform Specific Error Info Section,computation,324
59264,1171442444,tg-c401,DEV,"Component Info: Vendor Id =x x, Device Id =x x, Class Code =x x, Seg Bus Dev Func =x x x x x",computation,324
59265,1171442444,tg-c401,DEV,"Component Info: Vendor Id =x x, Device Id =x x, Class Code =x x, Seg Bus Dev Func =x x x x x",computation,324
59266,1171442444,tg-c401,DEV,+ Platform Specific Error Detail:,computation,324
59267,1171442444,tg-c401,MEM,"Physical Address x, Address Mask: x, Node: x, Card: x, Module: x, Bank: x, Device: x, Row: x, Column: x,",computation,324
59268,1171442444,tg-c401,MEM,"Physical Address x, Address Mask: x, Node: x, Card: x, Module: x, Bank: x, Device: x, Row: x, Column: x,",computation,324
59269,1171442449,tg-c401,DEV,+BEGIN HARDWARE ERROR STATE AT CPE,computation,324
59270,1171442449,tg-c401,DEV,+END HARDWARE ERROR STATE AT CPE,computation,324
59271,1171442449,tg-c401,DEV,+Platform PCI Component Error Info Section,computation,324
59272,1171442449,tg-c401,DEV,+Platform Specific Error Info Section,computation,324
59273,1171442449,tg-c401,DEV,"Component Info: Vendor Id =x x, Device Id =x x, Class Code =x x, Seg Bus Dev Func =x x x x x",computation,324
59274,1171442449,tg-c401,DEV,"Component Info: Vendor Id =x x, Device Id =x x, Class Code =x x, Seg Bus Dev Func =x x x x x",computation,324
59275,1171442449,tg-c401,DEV,"Component Info: Vendor Id =x x, Device Id =x x, Class Code =x x, Seg Bus Dev Func =x x x x x",computation,324
59276,1171442449,tg-c401,DEV,"Component Info: Vendor Id =x x, Device Id =x x, Class Code =x x, Seg Bus Dev Func =x x x x x",computation,324
59277,1171442449,tg-c401,DEV,+ Platform Specific Error Detail:,computation,324
59278,1171442449,tg-c401,MEM,"Physical Address x, Address Mask: x, Node: x, Card: x, Module: x, Bank: x, Device: x, Row: x, Column: x,",computation,324
59279,1171442449,tg-c401,MEM,"Physical Address x, Address Mask: x, Node: x, Card: x, Module: x, Bank: x, Device: x, Row: x, Column: x,",computation,324
59280,1171442455,tg-c401,DEV,+BEGIN HARDWARE ERROR STATE AT CPE,computation,324
59281,1171442455,tg-c401,DEV,+Platform PCI Component Error Info Section,computation,324
59282,1171442455,tg-c401,DEV,+Platform Specific Error Info Section,computation,324
59283,1171442455,tg-c401,DEV,"Component Info: Vendor Id =x x, Device Id =x x, Class Code =x x, Seg Bus Dev Func =x x x x x",computation,324
59284,1171442455,tg-c401,DEV,"Component Info: Vendor Id =x x, Device Id =x x, Class Code =x x, Seg Bus Dev Func =x x x x x",computation,324
59285,1171442455,tg-c401,DEV,"Component Info: Vendor Id =x x, Device Id =x x, Class Code =x x, Seg Bus Dev Func =x x x x x",computation,324
59286,1171442455,tg-c401,DEV,"Component Info: Vendor Id =x x, Device Id =x x, Class Code =x x, Seg Bus Dev Func =x x x x x",computation,324
59287,1171442455,tg-c401,DEV,+ Platform Specific Error Detail:,computation,324
59288,1171442455,tg-c401,MEM,"Physical Address x, Address Mask: x, Node: x, Card: x, Module: x, Bank: x, Device: x, Row: x, Column: x,",computation,324
59289,1171442455,tg-c401,MEM,"Physical Address x, Address Mask: x, Node: x, Card: x, Module: x, Bank: x, Device: x, Row: x, Column: x,",computation,324
59290,1171442485,tg-c401,DEV,+BEGIN HARDWARE ERROR STATE AT CPE,computation,324
59291,1171442485,tg-c401,DEV,+Platform PCI Component Error Info Section,computation,324
59292,1171442485,tg-c401,DEV,"Component Info: Vendor Id =x x, Device Id =x x, Class Code =x x, Seg Bus Dev Func =x x x x x",computation,324
59293,1171442485,tg-c401,DEV,"Component Info: Vendor Id =x x, Device Id =x x, Class Code =x x, Seg Bus Dev Func =x x x x x",computation,324
59294,1171442486,tg-c401,DEV,"Component Info: Vendor Id =x x, Device Id =x x, Class Code =x x, Seg Bus Dev Func =x x x x x",computation,324
59295,1171442486,tg-c401,DEV,"Component Info: Vendor Id =x x, Device Id =x x, Class Code =x x, Seg Bus Dev Func =x x x x x",computation,324
59296,1171442486,tg-c401,DEV,+ Platform Specific Error Detail:,computation,324
59297,1171442486,tg-c401,MEM,"Physical Address x, Address Mask: x, Node: x, Card: x, Module: x, Bank: x, Device: x, Row: x, Column: x,",computation,324
59298,1171442486,tg-c401,MEM,"Physical Address x, Address Mask: x, Node: x, Card: x, Module: x, Bank: x, Device: x, Row: x, Column: x,",computation,324
59299,1171442494,tg-c401,DEV,+BEGIN HARDWARE ERROR STATE AT CPE,computation,324
59300,1171442494,tg-c401,DEV,+Platform PCI Component Error Info Section,computation,324
59301,1171442494,tg-c401,DEV,"Component Info: Vendor Id =x x, Device Id =x x, Class Code =x x, Seg Bus Dev Func =x x x x x",computation,324
59302,1171442494,tg-c401,DEV,"Component Info: Vendor Id =x x, Device Id =x x, Class Code =x x, Seg Bus Dev Func =x x x x x",computation,324
59303,1171442495,tg-c401,DEV,+Platform Specific Error Info Section,computation,324
59304,1171442495,tg-c401,DEV,"Component Info: Vendor Id =x x, Device Id =x x, Class Code =x x, Seg Bus Dev Func =x x x x x",computation,324
59305,1171442495,tg-c401,DEV,"Component Info: Vendor Id =x x, Device Id =x x, Class Code =x x, Seg Bus Dev Func =x x x x x",computation,324
59306,1171442495,tg-c401,DEV,+ Platform Specific Error Detail:,computation,324
59307,1171442495,tg-c401,MEM,"Physical Address x, Address Mask: x, Node: x, Card: x, Module: x, Bank: x, Device: x, Row: x, Column: x,",computation,324
59308,1171442495,tg-c401,MEM,"Physical Address x, Address Mask: x, Node: x, Card: x, Module: x, Bank: x, Device: x, Row: x, Column: x,",computation,324
59309,1171442553,tg-c401,DEV,+BEGIN HARDWARE ERROR STATE AT CPE,computation,324
59310,1171442553,tg-c401,DEV,+Platform PCI Component Error Info Section,computation,324
59311,1171442553,tg-c401,DEV,"Component Info: Vendor Id =x x, Device Id =x x, Class Code =x x, Seg Bus Dev Func =x x x x x",computation,324
59312,1171442553,tg-c401,DEV,"Component Info: Vendor Id =x x, Device Id =x x, Class Code =x x, Seg Bus Dev Func =x x x x x",computation,324
59313,1171442553,tg-c401,DEV,"Component Info: Vendor Id =x x, Device Id =x x, Class Code =x x, Seg Bus Dev Func =x x x x x",computation,324
59314,1171442553,tg-c401,DEV,"Component Info: Vendor Id =x x, Device Id =x x, Class Code =x x, Seg Bus Dev Func =x x x x x",computation,324
59315,1171442554,tg-c401,DEV,+Platform Specific Error Info Section,computation,324
59316,1171442554,tg-c401,DEV,+ Platform Specific Error Detail:,computation,324
59317,1171442554,tg-c401,MEM,"Physical Address x, Address Mask: x, Node: x, Card: x, Module: x, Bank: x, Device: x, Row: x, Column: x,",computation,324
59318,1171442554,tg-c401,MEM,"Physical Address x, Address Mask: x, Node: x, Card: x, Module: x, Bank: x, Device: x, Row: x, Column: x,",computation,324
59319,1171442723,tg-c401,DEV,+BEGIN HARDWARE ERROR STATE AT CPE,computation,324
59320,1171442723,tg-c401,DEV,+Platform PCI Component Error Info Section,computation,324
59321,1171442723,tg-c401,DEV,"Component Info: Vendor Id =x x, Device Id =x x, Class Code =x x, Seg Bus Dev Func =x x x x x",computation,324
59322,1171442723,tg-c401,DEV,"Component Info: Vendor Id =x x, Device Id =x x, Class Code =x x, Seg Bus Dev Func =x x x x x",computation,324
59323,1171442723,tg-c401,DEV,"Component Info: Vendor Id =x x, Device Id =x x, Class Code =x x, Seg Bus Dev Func =x x x x x",computation,324
59324,1171442723,tg-c401,DEV,"Component Info: Vendor Id =x x, Device Id =x x, Class Code =x x, Seg Bus Dev Func =x x x x x",computation,324
59325,1171442724,tg-c401,DEV,+END HARDWARE ERROR STATE AT CPE,computation,324
59326,1171442724,tg-c401,DEV,+Platform Specific Error Info Section,computation,324
59327,1171442724,tg-c401,DEV,+ Platform Specific Error Detail:,computation,324
59328,1171442724,tg-c401,MEM,"Physical Address x, Address Mask: x, Node: x, Card: x, Module: x, Bank: x, Device: x, Row: x, Column: x,",computation,324
59329,1171442724,tg-c401,MEM,"Physical Address x, Address Mask: x, Node: x, Card: x, Module: x, Bank: x, Device: x, Row: x, Column: x,",computation,324
59330,1171442732,tg-c401,DEV,+BEGIN HARDWARE ERROR STATE AT CPE,computation,324
59331,1171442732,tg-c401,DEV,+END HARDWARE ERROR STATE AT CPE,computation,324
59332,1171442732,tg-c401,DEV,+Platform PCI Component Error Info Section,computation,324
59333,1171442732,tg-c401,DEV,+Platform Specific Error Info Section,computation,324
59334,1171442732,tg-c401,DEV,"Component Info: Vendor Id =x x, Device Id =x x, Class Code =x x, Seg Bus Dev Func =x x x x x",computation,324
59335,1171442732,tg-c401,DEV,"Component Info: Vendor Id =x x, Device Id =x x, Class Code =x x, Seg Bus Dev Func =x x x x x",computation,324
59336,1171442732,tg-c401,DEV,"Component Info: Vendor Id =x x, Device Id =x x, Class Code =x x, Seg Bus Dev Func =x x x x x",computation,324
59337,1171442732,tg-c401,DEV,"Component Info: Vendor Id =x x, Device Id =x x, Class Code =x x, Seg Bus Dev Func =x x x x x",computation,324
59338,1171442732,tg-c401,DEV,+ Platform Specific Error Detail:,computation,324
59339,1171442732,tg-c401,MEM,"Physical Address x, Address Mask: x, Node: x, Card: x, Module: x, Bank: x, Device: x, Row: x, Column: x,",computation,324
59340,1171442732,tg-c401,MEM,"Physical Address x, Address Mask: x, Node: x, Card: x, Module: x, Bank: x, Device: x, Row: x, Column: x,",computation,324
59341,1171442735,tg-c401,DEV,+BEGIN HARDWARE ERROR STATE AT CPE,computation,324
59342,1171442735,tg-c401,DEV,+END HARDWARE ERROR STATE AT CPE,computation,324
59343,1171442735,tg-c401,DEV,+Platform PCI Component Error Info Section,computation,324
59344,1171442735,tg-c401,DEV,+Platform Specific Error Info Section,computation,324
59345,1171442735,tg-c401,DEV,"Component Info: Vendor Id =x x, Device Id =x x, Class Code =x x, Seg Bus Dev Func =x x x x x",computation,324
59346,1171442735,tg-c401,DEV,"Component Info: Vendor Id =x x, Device Id =x x, Class Code =x x, Seg Bus Dev Func =x x x x x",computation,324
59347,1171442735,tg-c401,DEV,"Component Info: Vendor Id =x x, Device Id =x x, Class Code =x x, Seg Bus Dev Func =x x x x x",computation,324
59348,1171442735,tg-c401,DEV,"Component Info: Vendor Id =x x, Device Id =x x, Class Code =x x, Seg Bus Dev Func =x x x x x",computation,324
59349,1171442735,tg-c401,DEV,+ Platform Specific Error Detail:,computation,324
59350,1171442735,tg-c401,MEM,"Physical Address x, Address Mask: x, Node: x, Card: x, Module: x, Bank: x, Device: x, Row: x, Column: x,",computation,324
59351,1171442735,tg-c401,MEM,"Physical Address x, Address Mask: x, Node: x, Card: x, Module: x, Bank: x, Device: x, Row: x, Column: x,",computation,324
59352,1171442740,tg-c401,DEV,+BEGIN HARDWARE ERROR STATE AT CPE,computation,324
59353,1171442740,tg-c401,DEV,+Platform PCI Component Error Info Section,computation,324
59354,1171442740,tg-c401,DEV,"Component Info: Vendor Id =x x, Device Id =x x, Class Code =x x, Seg Bus Dev Func =x x x x x",computation,324
59355,1171442740,tg-c401,DEV,"Component Info: Vendor Id =x x, Device Id =x x, Class Code =x x, Seg Bus Dev Func =x x x x x",computation,324
59356,1171442741,tg-c401,DEV,+Platform Specific Error Info Section,computation,324
59357,1171442741,tg-c401,DEV,"Component Info: Vendor Id =x x, Device Id =x x, Class Code =x x, Seg Bus Dev Func =x x x x x",computation,324
59358,1171442741,tg-c401,DEV,"Component Info: Vendor Id =x x, Device Id =x x, Class Code =x x, Seg Bus Dev Func =x x x x x",computation,324
59359,1171442741,tg-c401,DEV,+ Platform Specific Error Detail:,computation,324
59360,1171442741,tg-c401,MEM,"Physical Address x, Address Mask: x, Node: x, Card: x, Module: x, Bank: x, Device: x, Row: x, Column: x,",computation,324
59361,1171442741,tg-c401,MEM,"Physical Address x, Address Mask: x, Node: x, Card: x, Module: x, Bank: x, Device: x, Row: x, Column: x,",computation,324
59362,1171442751,tg-c401,DEV,+BEGIN HARDWARE ERROR STATE AT CPE,computation,324
59363,1171442751,tg-c401,DEV,+END HARDWARE ERROR STATE AT CPE,computation,324
59364,1171442751,tg-c401,DEV,+Platform PCI Component Error Info Section,computation,324
59365,1171442751,tg-c401,DEV,+Platform Specific Error Info Section,computation,324
59366,1171442751,tg-c401,DEV,"Component Info: Vendor Id =x x, Device Id =x x, Class Code =x x, Seg Bus Dev Func =x x x x x",computation,324
59367,1171442751,tg-c401,DEV,"Component Info: Vendor Id =x x, Device Id =x x, Class Code =x x, Seg Bus Dev Func =x x x x x",computation,324
59368,1171442751,tg-c401,DEV,"Component Info: Vendor Id =x x, Device Id =x x, Class Code =x x, Seg Bus Dev Func =x x x x x",computation,324
59369,1171442751,tg-c401,DEV,"Component Info: Vendor Id =x x, Device Id =x x, Class Code =x x, Seg Bus Dev Func =x x x x x",computation,324
59370,1171442751,tg-c401,DEV,+ Platform Specific Error Detail:,computation,324
59371,1171442751,tg-c401,MEM,"Physical Address x, Address Mask: x, Node: x, Card: x, Module: x, Bank: x, Device: x, Row: x, Column: x,",computation,324
59372,1171442751,tg-c401,MEM,"Physical Address x, Address Mask: x, Node: x, Card: x, Module: x, Bank: x, Device: x, Row: x, Column: x,",computation,324
59373,1171442758,tg-c401,DEV,+BEGIN HARDWARE ERROR STATE AT CPE,computation,324
59374,1171442758,tg-c401,DEV,+Platform PCI Component Error Info Section,computation,324
59375,1171442758,tg-c401,DEV,"Component Info: Vendor Id =x x, Device Id =x x, Class Code =x x, Seg Bus Dev Func =x x x x x",computation,324
59376,1171442758,tg-c401,DEV,"Component Info: Vendor Id =x x, Device Id =x x, Class Code =x x, Seg Bus Dev Func =x x x x x",computation,324
59377,1171442758,tg-c401,DEV,"Component Info: Vendor Id =x x, Device Id =x x, Class Code =x x, Seg Bus Dev Func =x x x x x",computation,324
59378,1171442758,tg-c401,DEV,"Component Info: Vendor Id =x x, Device Id =x x, Class Code =x x, Seg Bus Dev Func =x x x x x",computation,324
59379,1171442759,tg-c401,DEV,+Platform Specific Error Info Section,computation,324
59380,1171442759,tg-c401,DEV,+ Platform Specific Error Detail:,computation,324
59381,1171442759,tg-c401,MEM,"Physical Address x, Address Mask: x, Node: x, Card: x, Module: x, Bank: x, Device: x, Row: x, Column: x,",computation,324
59382,1171442759,tg-c401,MEM,"Physical Address x, Address Mask: x, Node: x, Card: x, Module: x, Bank: x, Device: x, Row: x, Column: x,",computation,324
59383,1171442763,tg-c401,DEV,+BEGIN HARDWARE ERROR STATE AT CPE,computation,324
59384,1171442763,tg-c401,DEV,+Platform PCI Component Error Info Section,computation,324
59385,1171442763,tg-c401,DEV,+Platform Specific Error Info Section,computation,324
59386,1171442763,tg-c401,DEV,"Component Info: Vendor Id =x x, Device Id =x x, Class Code =x x, Seg Bus Dev Func =x x x x x",computation,324
59387,1171442763,tg-c401,DEV,"Component Info: Vendor Id =x x, Device Id =x x, Class Code =x x, Seg Bus Dev Func =x x x x x",computation,324
59388,1171442763,tg-c401,DEV,"Component Info: Vendor Id =x x, Device Id =x x, Class Code =x x, Seg Bus Dev Func =x x x x x",computation,324
59389,1171442763,tg-c401,DEV,"Component Info: Vendor Id =x x, Device Id =x x, Class Code =x x, Seg Bus Dev Func =x x x x x",computation,324
59390,1171442763,tg-c401,DEV,+ Platform Specific Error Detail:,computation,324
59391,1171442763,tg-c401,MEM,"Physical Address x, Address Mask: x, Node: x, Card: x, Module: x, Bank: x, Device: x, Row: x, Column: x,",computation,324
59392,1171442763,tg-c401,MEM,"Physical Address x, Address Mask: x, Node: x, Card: x, Module: x, Bank: x, Device: x, Row: x, Column: x,",computation,324
59393,1171442768,tg-c401,DEV,+BEGIN HARDWARE ERROR STATE AT CPE,computation,324
59394,1171442768,tg-c401,DEV,+Platform PCI Component Error Info Section,computation,324
59395,1171442768,tg-c401,DEV,+Platform Specific Error Info Section,computation,324
59396,1171442768,tg-c401,DEV,"Component Info: Vendor Id =x x, Device Id =x x, Class Code =x x, Seg Bus Dev Func =x x x x x",computation,324
59397,1171442768,tg-c401,DEV,"Component Info: Vendor Id =x x, Device Id =x x, Class Code =x x, Seg Bus Dev Func =x x x x x",computation,324
59398,1171442768,tg-c401,DEV,+ Platform Specific Error Detail:,computation,324
59399,1171442768,tg-c401,MEM,"Physical Address x, Address Mask: x, Node: x, Card: x, Module: x, Bank: x, Device: x, Row: x, Column: x,",computation,324
59400,1171442768,tg-c401,MEM,"Physical Address x, Address Mask: x, Node: x, Card: x, Module: x, Bank: x, Device: x, Row: x, Column: x,",computation,324
59401,1171442799,tg-c401,DEV,+BEGIN HARDWARE ERROR STATE AT CPE,computation,324
59402,1171442799,tg-c401,DEV,+Platform PCI Component Error Info Section,computation,324
59403,1171442799,tg-c401,DEV,+Platform Specific Error Info Section,computation,324
59404,1171442799,tg-c401,DEV,"Component Info: Vendor Id =x x, Device Id =x x, Class Code =x x, Seg Bus Dev Func =x x x x x",computation,324
59405,1171442799,tg-c401,DEV,"Component Info: Vendor Id =x x, Device Id =x x, Class Code =x x, Seg Bus Dev Func =x x x x x",computation,324
59406,1171442799,tg-c401,DEV,"Component Info: Vendor Id =x x, Device Id =x x, Class Code =x x, Seg Bus Dev Func =x x x x x",computation,324
59407,1171442799,tg-c401,DEV,"Component Info: Vendor Id =x x, Device Id =x x, Class Code =x x, Seg Bus Dev Func =x x x x x",computation,324
59408,1171442799,tg-c401,MEM,"Physical Address x, Address Mask: x, Node: x, Card: x, Module: x, Bank: x, Device: x, Row: x, Column: x,",computation,324
59409,1171442799,tg-c401,MEM,"Physical Address x, Address Mask: x, Node: x, Card: x, Module: x, Bank: x, Device: x, Row: x, Column: x,",computation,324
59410,1171442800,tg-c401,DEV,+BEGIN HARDWARE ERROR STATE AT CPE,computation,324
59411,1171442800,tg-c401,DEV,+Platform PCI Component Error Info Section,computation,324
59412,1171442800,tg-c401,DEV,+Platform Specific Error Info Section,computation,324
59413,1171442800,tg-c401,DEV,"Component Info: Vendor Id =x x, Device Id =x x, Class Code =x x, Seg Bus Dev Func =x x x x x",computation,324
59414,1171442800,tg-c401,DEV,"Component Info: Vendor Id =x x, Device Id =x x, Class Code =x x, Seg Bus Dev Func =x x x x x",computation,324
59415,1171442800,tg-c401,DEV,"Component Info: Vendor Id =x x, Device Id =x x, Class Code =x x, Seg Bus Dev Func =x x x x x",computation,324
59416,1171442800,tg-c401,DEV,"Component Info: Vendor Id =x x, Device Id =x x, Class Code =x x, Seg Bus Dev Func =x x x x x",computation,324
59417,1171442800,tg-c401,MEM,"Physical Address x, Address Mask: x, Node: x, Card: x, Module: x, Bank: x, Device: x, Row: x, Column: x,",computation,324
59418,1171442800,tg-c401,MEM,"Physical Address x, Address Mask: x, Node: x, Card: x, Module: x, Bank: x, Device: x, Row: x, Column: x,",computation,324
59419,1171442821,tg-c401,DEV,+BEGIN HARDWARE ERROR STATE AT CPE,computation,324
59420,1171442821,tg-c401,DEV,+Platform PCI Component Error Info Section,computation,324
59421,1171442821,tg-c401,DEV,"Component Info: Vendor Id =x x, Device Id =x x, Class Code =x x, Seg Bus Dev Func =x x x x x",computation,324
59422,1171442821,tg-c401,DEV,"Component Info: Vendor Id =x x, Device Id =x x, Class Code =x x, Seg Bus Dev Func =x x x x x",computation,324
59423,1171442821,tg-c401,DEV,"Component Info: Vendor Id =x x, Device Id =x x, Class Code =x x, Seg Bus Dev Func =x x x x x",computation,324
59424,1171442821,tg-c401,DEV,"Component Info: Vendor Id =x x, Device Id =x x, Class Code =x x, Seg Bus Dev Func =x x x x x",computation,324
59425,1171442822,tg-c401,DEV,+BEGIN HARDWARE ERROR STATE AT CPE,computation,324
59426,1171442822,tg-c401,DEV,+Platform PCI Component Error Info Section,computation,324
59427,1171442822,tg-c401,DEV,"Component Info: Vendor Id =x x, Device Id =x x, Class Code =x x, Seg Bus Dev Func =x x x x x",computation,324
59428,1171442822,tg-c401,DEV,"Component Info: Vendor Id =x x, Device Id =x x, Class Code =x x, Seg Bus Dev Func =x x x x x",computation,324
59429,1171442822,tg-c401,DEV,"Component Info: Vendor Id =x x, Device Id =x x, Class Code =x x, Seg Bus Dev Func =x x x x x",computation,324
59430,1171442822,tg-c401,DEV,"Component Info: Vendor Id =x x, Device Id =x x, Class Code =x x, Seg Bus Dev Func =x x x x x",computation,324
59431,1171442822,tg-c401,MEM,"Physical Address x, Address Mask: x, Node: x, Card: x, Module: x, Bank: x, Device: x, Row: x, Column: x,",computation,324
59432,1171442822,tg-c401,MEM,"Physical Address x, Address Mask: x, Node: x, Card: x, Module: x, Bank: x, Device: x, Row: x, Column: x,",computation,324
59433,1171442823,tg-c401,DEV,+END HARDWARE ERROR STATE AT CPE,computation,324
59434,1171442823,tg-c401,DEV,+Platform Specific Error Info Section,computation,324
59435,1171442823,tg-c401,DEV,+ Platform Specific Error Detail:,computation,324
59436,1171442823,tg-c401,MEM,"Physical Address x, Address Mask: x, Node: x, Card: x, Module: x, Bank: x, Device: x, Row: x, Column: x,",computation,324
59437,1171442823,tg-c401,MEM,"Physical Address x, Address Mask: x, Node: x, Card: x, Module: x, Bank: x, Device: x, Row: x, Column: x,",computation,324
59438,1171442827,tg-c401,DEV,+BEGIN HARDWARE ERROR STATE AT CPE,computation,324
59439,1171442827,tg-c401,DEV,+Platform PCI Component Error Info Section,computation,324
59440,1171442827,tg-c401,DEV,"Component Info: Vendor Id =x x, Device Id =x x, Class Code =x x, Seg Bus Dev Func =x x x x x",computation,324
59441,1171442827,tg-c401,DEV,"Component Info: Vendor Id =x x, Device Id =x x, Class Code =x x, Seg Bus Dev Func =x x x x x",computation,324
59442,1171442827,tg-c401,DEV,"Component Info: Vendor Id =x x, Device Id =x x, Class Code =x x, Seg Bus Dev Func =x x x x x",computation,324
59443,1171442828,tg-c401,DEV,+Platform Specific Error Info Section,computation,324
59444,1171442828,tg-c401,DEV,"Component Info: Vendor Id =x x, Device Id =x x, Class Code =x x, Seg Bus Dev Func =x x x x x",computation,324
59445,1171442828,tg-c401,DEV,+ Platform Specific Error Detail:,computation,324
59446,1171442828,tg-c401,MEM,"Physical Address x, Address Mask: x, Node: x, Card: x, Module: x, Bank: x, Device: x, Row: x, Column: x,",computation,324
59447,1171442828,tg-c401,MEM,"Physical Address x, Address Mask: x, Node: x, Card: x, Module: x, Bank: x, Device: x, Row: x, Column: x,",computation,324
59448,1171442832,tg-c401,DEV,+BEGIN HARDWARE ERROR STATE AT CPE,computation,324
59449,1171442832,tg-c401,DEV,+Platform PCI Component Error Info Section,computation,324
59450,1171442832,tg-c401,DEV,"Component Info: Vendor Id =x x, Device Id =x x, Class Code =x x, Seg Bus Dev Func =x x x x x",computation,324
59451,1171442832,tg-c401,DEV,"Component Info: Vendor Id =x x, Device Id =x x, Class Code =x x, Seg Bus Dev Func =x x x x x",computation,324
59452,1171442832,tg-c401,DEV,"Component Info: Vendor Id =x x, Device Id =x x, Class Code =x x, Seg Bus Dev Func =x x x x x",computation,324
59453,1171442833,tg-c401,DEV,+END HARDWARE ERROR STATE AT CPE,computation,324
59454,1171442833,tg-c401,DEV,+Platform Specific Error Info Section,computation,324
59455,1171442833,tg-c401,DEV,"Component Info: Vendor Id =x x, Device Id =x x, Class Code =x x, Seg Bus Dev Func =x x x x x",computation,324
59456,1171442833,tg-c401,DEV,+ Platform Specific Error Detail:,computation,324
59457,1171442833,tg-c401,MEM,"Physical Address x, Address Mask: x, Node: x, Card: x, Module: x, Bank: x, Device: x, Row: x, Column: x,",computation,324
59458,1171442833,tg-c401,MEM,"Physical Address x, Address Mask: x, Node: x, Card: x, Module: x, Bank: x, Device: x, Row: x, Column: x,",computation,324
59459,1171442858,tg-c401,DEV,+BEGIN HARDWARE ERROR STATE AT CPE,computation,324
59460,1171442859,tg-c401,DEV,+Platform PCI Component Error Info Section,computation,324
59461,1171442859,tg-c401,DEV,+Platform Specific Error Info Section,computation,324
59462,1171442859,tg-c401,DEV,"Component Info: Vendor Id =x x, Device Id =x x, Class Code =x x, Seg Bus Dev Func =x x x x x",computation,324
59463,1171442859,tg-c401,DEV,"Component Info: Vendor Id =x x, Device Id =x x, Class Code =x x, Seg Bus Dev Func =x x x x x",computation,324
59464,1171442859,tg-c401,DEV,"Component Info: Vendor Id =x x, Device Id =x x, Class Code =x x, Seg Bus Dev Func =x x x x x",computation,324
59465,1171442859,tg-c401,DEV,"Component Info: Vendor Id =x x, Device Id =x x, Class Code =x x, Seg Bus Dev Func =x x x x x",computation,324
59466,1171442859,tg-c401,DEV,+ Platform Specific Error Detail:,computation,324
59467,1171442859,tg-c401,MEM,"Physical Address x, Address Mask: x, Node: x, Card: x, Module: x, Bank: x, Device: x, Row: x, Column: x,",computation,324
59468,1171442859,tg-c401,MEM,"Physical Address x, Address Mask: x, Node: x, Card: x, Module: x, Bank: x, Device: x, Row: x, Column: x,",computation,324
59469,1171442883,tg-c401,DEV,+BEGIN HARDWARE ERROR STATE AT CPE,computation,324
59470,1171442883,tg-c401,DEV,+END HARDWARE ERROR STATE AT CPE,computation,324
59471,1171442883,tg-c401,DEV,+Platform PCI Component Error Info Section,computation,324
59472,1171442883,tg-c401,DEV,+Platform Specific Error Info Section,computation,324
59473,1171442883,tg-c401,DEV,"Component Info: Vendor Id =x x, Device Id =x x, Class Code =x x, Seg Bus Dev Func =x x x x x",computation,324
59474,1171442883,tg-c401,DEV,"Component Info: Vendor Id =x x, Device Id =x x, Class Code =x x, Seg Bus Dev Func =x x x x x",computation,324
59475,1171442883,tg-c401,DEV,"Component Info: Vendor Id =x x, Device Id =x x, Class Code =x x, Seg Bus Dev Func =x x x x x",computation,324
59476,1171442883,tg-c401,DEV,"Component Info: Vendor Id =x x, Device Id =x x, Class Code =x x, Seg Bus Dev Func =x x x x x",computation,324
59477,1171442883,tg-c401,DEV,+ Platform Specific Error Detail:,computation,324
59478,1171442883,tg-c401,MEM,"Physical Address x, Address Mask: x, Node: x, Card: x, Module: x, Bank: x, Device: x, Row: x, Column: x,",computation,324
59479,1171442883,tg-c401,MEM,"Physical Address x, Address Mask: x, Node: x, Card: x, Module: x, Bank: x, Device: x, Row: x, Column: x,",computation,324
59480,1171442893,tg-c401,DEV,+BEGIN HARDWARE ERROR STATE AT CPE,computation,324
59481,1171442893,tg-c401,DEV,+Platform PCI Component Error Info Section,computation,324
59482,1171442893,tg-c401,DEV,+Platform Specific Error Info Section,computation,324
59483,1171442893,tg-c401,DEV,"Component Info: Vendor Id =x x, Device Id =x x, Class Code =x x, Seg Bus Dev Func =x x x x x",computation,324
59484,1171442893,tg-c401,DEV,"Component Info: Vendor Id =x x, Device Id =x x, Class Code =x x, Seg Bus Dev Func =x x x x x",computation,324
59485,1171442893,tg-c401,DEV,"Component Info: Vendor Id =x x, Device Id =x x, Class Code =x x, Seg Bus Dev Func =x x x x x",computation,324
59486,1171442893,tg-c401,DEV,"Component Info: Vendor Id =x x, Device Id =x x, Class Code =x x, Seg Bus Dev Func =x x x x x",computation,324
59487,1171442893,tg-c401,DEV,+ Platform Specific Error Detail:,computation,324
59488,1171442893,tg-c401,MEM,"Physical Address x, Address Mask: x, Node: x, Card: x, Module: x, Bank: x, Device: x, Row: x, Column: x,",computation,324
59489,1171442893,tg-c401,MEM,"Physical Address x, Address Mask: x, Node: x, Card: x, Module: x, Bank: x, Device: x, Row: x, Column: x,",computation,324
59490,1171442958,tg-c401,DEV,+BEGIN HARDWARE ERROR STATE AT CPE,computation,324
59491,1171442958,tg-c401,DEV,+END HARDWARE ERROR STATE AT CPE,computation,324
59492,1171442958,tg-c401,DEV,+Platform PCI Component Error Info Section,computation,324
59493,1171442958,tg-c401,DEV,+Platform Specific Error Info Section,computation,324
59494,1171442958,tg-c401,DEV,"Component Info: Vendor Id =x x, Device Id =x x, Class Code =x x, Seg Bus Dev Func =x x x x x",computation,324
59495,1171442958,tg-c401,DEV,"Component Info: Vendor Id =x x, Device Id =x x, Class Code =x x, Seg Bus Dev Func =x x x x x",computation,324
59496,1171442958,tg-c401,DEV,"Component Info: Vendor Id =x x, Device Id =x x, Class Code =x x, Seg Bus Dev Func =x x x x x",computation,324
59497,1171442958,tg-c401,DEV,"Component Info: Vendor Id =x x, Device Id =x x, Class Code =x x, Seg Bus Dev Func =x x x x x",computation,324
59498,1171442958,tg-c401,DEV,+ Platform Specific Error Detail:,computation,324
59499,1171442958,tg-c401,MEM,"Physical Address x, Address Mask: x, Node: x, Card: x, Module: x, Bank: x, Device: x, Row: x, Column: x,",computation,324
59500,1171442958,tg-c401,MEM,"Physical Address x, Address Mask: x, Node: x, Card: x, Module: x, Bank: x, Device: x, Row: x, Column: x,",computation,324
59501,1171442961,tg-c401,DEV,+BEGIN HARDWARE ERROR STATE AT CPE,computation,324
59502,1171442961,tg-c401,DEV,+Platform PCI Component Error Info Section,computation,324
59503,1171442961,tg-c401,DEV,"Component Info: Vendor Id =x x, Device Id =x x, Class Code =x x, Seg Bus Dev Func =x x x x x",computation,324
59504,1171442962,tg-c401,DEV,+Platform PCI Component Error Info Section,computation,324
59505,1171442962,tg-c401,DEV,"Component Info: Vendor Id =x x, Device Id =x x, Class Code =x x, Seg Bus Dev Func =x x x x x",computation,324
59506,1171442962,tg-c401,DEV,"Component Info: Vendor Id =x x, Device Id =x x, Class Code =x x, Seg Bus Dev Func =x x x x x",computation,324
59507,1171442962,tg-c401,DEV,"Component Info: Vendor Id =x x, Device Id =x x, Class Code =x x, Seg Bus Dev Func =x x x x x",computation,324
59508,1171442962,tg-c401,DEV,+ Platform Specific Error Detail:,computation,324
59509,1171442974,tg-c401,DEV,+BEGIN HARDWARE ERROR STATE AT CPE,computation,324
59510,1171442974,tg-c401,DEV,+END HARDWARE ERROR STATE AT CPE,computation,324
59511,1171442974,tg-c401,DEV,+Platform PCI Component Error Info Section,computation,324
59512,1171442974,tg-c401,DEV,+Platform Specific Error Info Section,computation,324
59513,1171442974,tg-c401,DEV,"Component Info: Vendor Id =x x, Device Id =x x, Class Code =x x, Seg Bus Dev Func =x x x x x",computation,324
59514,1171442974,tg-c401,DEV,"Component Info: Vendor Id =x x, Device Id =x x, Class Code =x x, Seg Bus Dev Func =x x x x x",computation,324
59515,1171442974,tg-c401,DEV,"Component Info: Vendor Id =x x, Device Id =x x, Class Code =x x, Seg Bus Dev Func =x x x x x",computation,324
59516,1171442974,tg-c401,DEV,"Component Info: Vendor Id =x x, Device Id =x x, Class Code =x x, Seg Bus Dev Func =x x x x x",computation,324
59517,1171442974,tg-c401,DEV,+ Platform Specific Error Detail:,computation,324
59518,1171442974,tg-c401,MEM,"Physical Address x, Address Mask: x, Node: x, Card: x, Module: x, Bank: x, Device: x, Row: x, Column: x,",computation,324
59519,1171442974,tg-c401,MEM,"Physical Address x, Address Mask: x, Node: x, Card: x, Module: x, Bank: x, Device: x, Row: x, Column: x,",computation,324
59520,1171442985,tg-c401,DEV,+BEGIN HARDWARE ERROR STATE AT CPE,computation,324
59521,1171442985,tg-c401,DEV,+Platform PCI Component Error Info Section,computation,324
59522,1171442985,tg-c401,DEV,"Component Info: Vendor Id =x x, Device Id =x x, Class Code =x x, Seg Bus Dev Func =x x x x x",computation,324
59523,1171442985,tg-c401,DEV,"Component Info: Vendor Id =x x, Device Id =x x, Class Code =x x, Seg Bus Dev Func =x x x x x",computation,324
59524,1171442985,tg-c401,DEV,"Component Info: Vendor Id =x x, Device Id =x x, Class Code =x x, Seg Bus Dev Func =x x x x x",computation,324
59525,1171442985,tg-c401,MEM,"Physical Address x, Address Mask: x, Node: x, Card: x, Module: x, Bank: x, Device: x, Row: x, Column: x,",computation,324
59526,1171442985,tg-c401,MEM,"Physical Address x, Address Mask: x, Node: x, Card: x, Module: x, Bank: x, Device: x, Row: x, Column: x,",computation,324
59527,1171442990,tg-c401,DEV,+BEGIN HARDWARE ERROR STATE AT CPE,computation,324
59528,1171442990,tg-c401,DEV,+Platform PCI Component Error Info Section,computation,324
59529,1171442990,tg-c401,DEV,"Component Info: Vendor Id =x x, Device Id =x x, Class Code =x x, Seg Bus Dev Func =x x x x x",computation,324
59530,1171442991,tg-c401,DEV,+Platform PCI Component Error Info Section,computation,324
59531,1171442991,tg-c401,DEV,"Component Info: Vendor Id =x x, Device Id =x x, Class Code =x x, Seg Bus Dev Func =x x x x x",computation,324
59532,1171443016,tg-c401,DEV,+BEGIN HARDWARE ERROR STATE AT CPE,computation,324
59533,1171443016,tg-c401,DEV,+Platform PCI Component Error Info Section,computation,324
59534,1171443016,tg-c401,DEV,"Component Info: Vendor Id =x x, Device Id =x x, Class Code =x x, Seg Bus Dev Func =x x x x x",computation,324
59535,1171443016,tg-c401,DEV,"Component Info: Vendor Id =x x, Device Id =x x, Class Code =x x, Seg Bus Dev Func =x x x x x",computation,324
59536,1171443016,tg-c401,DEV,"Component Info: Vendor Id =x x, Device Id =x x, Class Code =x x, Seg Bus Dev Func =x x x x x",computation,324
59537,1171443017,tg-c401,DEV,+END HARDWARE ERROR STATE AT CPE,computation,324
59538,1171443017,tg-c401,DEV,+Platform Specific Error Info Section,computation,324
59539,1171443017,tg-c401,DEV,"Component Info: Vendor Id =x x, Device Id =x x, Class Code =x x, Seg Bus Dev Func =x x x x x",computation,324
59540,1171443017,tg-c401,DEV,+ Platform Specific Error Detail:,computation,324
59541,1171443017,tg-c401,MEM,"Physical Address x, Address Mask: x, Node: x, Card: x, Module: x, Bank: x, Device: x, Row: x, Column: x,",computation,324
59542,1171443017,tg-c401,MEM,"Physical Address x, Address Mask: x, Node: x, Card: x, Module: x, Bank: x, Device: x, Row: x, Column: x,",computation,324
59543,1171443027,tg-c401,DEV,+BEGIN HARDWARE ERROR STATE AT CPE,computation,324
59544,1171443027,tg-c401,DEV,+Platform PCI Component Error Info Section,computation,324
59545,1171443027,tg-c401,DEV,"Component Info: Vendor Id =x x, Device Id =x x, Class Code =x x, Seg Bus Dev Func =x x x x x",computation,324
59546,1171443028,tg-c401,DEV,+BEGIN HARDWARE ERROR STATE AT CPE,computation,324
59547,1171443028,tg-c401,DEV,+Platform PCI Component Error Info Section,computation,324
59548,1171443028,tg-c401,DEV,+Platform Specific Error Info Section,computation,324
59549,1171443028,tg-c401,DEV,"Component Info: Vendor Id =x x, Device Id =x x, Class Code =x x, Seg Bus Dev Func =x x x x x",computation,324
59550,1171443028,tg-c401,DEV,"Component Info: Vendor Id =x x, Device Id =x x, Class Code =x x, Seg Bus Dev Func =x x x x x",computation,324
59551,1171443028,tg-c401,DEV,"Component Info: Vendor Id =x x, Device Id =x x, Class Code =x x, Seg Bus Dev Func =x x x x x",computation,324
59552,1171443028,tg-c401,DEV,"Component Info: Vendor Id =x x, Device Id =x x, Class Code =x x, Seg Bus Dev Func =x x x x x",computation,324
59553,1171443028,tg-c401,DEV,"Component Info: Vendor Id =x x, Device Id =x x, Class Code =x x, Seg Bus Dev Func =x x x x x",computation,324
59554,1171443028,tg-c401,DEV,"Component Info: Vendor Id =x x, Device Id =x x, Class Code =x x, Seg Bus Dev Func =x x x x x",computation,324
59555,1171443028,tg-c401,DEV,"Component Info: Vendor Id =x x, Device Id =x x, Class Code =x x, Seg Bus Dev Func =x x x x x",computation,324
59556,1171443028,tg-c401,DEV,+ Platform Specific Error Detail:,computation,324
59557,1171443028,tg-c401,MEM,"Physical Address x, Address Mask: x, Node: x, Card: x, Module: x, Bank: x, Device: x, Row: x, Column: x,",computation,324
59558,1171443028,tg-c401,MEM,"Physical Address x, Address Mask: x, Node: x, Card: x, Module: x, Bank: x, Device: x, Row: x, Column: x,",computation,324
59559,1171443029,tg-c401,DEV,+ Platform Specific Error Detail:,computation,324
59560,1171443029,tg-c401,MEM,"Physical Address x, Address Mask: x, Node: x, Card: x, Module: x, Bank: x, Device: x, Row: x, Column: x,",computation,324
59561,1171443029,tg-c401,MEM,"Physical Address x, Address Mask: x, Node: x, Card: x, Module: x, Bank: x, Device: x, Row: x, Column: x,",computation,324
59562,1171443066,tg-c401,DEV,+BEGIN HARDWARE ERROR STATE AT CPE,computation,324
59563,1171443066,tg-c401,DEV,+Platform PCI Component Error Info Section,computation,324
59564,1171443066,tg-c401,DEV,+Platform Specific Error Info Section,computation,324
59565,1171443066,tg-c401,DEV,"Component Info: Vendor Id =x x, Device Id =x x, Class Code =x x, Seg Bus Dev Func =x x x x x",computation,324
59566,1171443066,tg-c401,DEV,"Component Info: Vendor Id =x x, Device Id =x x, Class Code =x x, Seg Bus Dev Func =x x x x x",computation,324
59567,1171443066,tg-c401,DEV,"Component Info: Vendor Id =x x, Device Id =x x, Class Code =x x, Seg Bus Dev Func =x x x x x",computation,324
59568,1171443066,tg-c401,DEV,"Component Info: Vendor Id =x x, Device Id =x x, Class Code =x x, Seg Bus Dev Func =x x x x x",computation,324
59569,1171443066,tg-c401,DEV,+ Platform Specific Error Detail:,computation,324
59570,1171443066,tg-c401,MEM,"Physical Address x, Address Mask: x, Node: x, Card: x, Module: x, Bank: x, Device: x, Row: x, Column: x,",computation,324
59571,1171443066,tg-c401,MEM,"Physical Address x, Address Mask: x, Node: x, Card: x, Module: x, Bank: x, Device: x, Row: x, Column: x,",computation,324
59572,1171443155,tg-c401,DEV,+BEGIN HARDWARE ERROR STATE AT CPE,computation,324
59573,1171443155,tg-c401,DEV,+END HARDWARE ERROR STATE AT CPE,computation,324
59574,1171443155,tg-c401,DEV,+Platform PCI Component Error Info Section,computation,324
59575,1171443155,tg-c401,DEV,+Platform Specific Error Info Section,computation,324
59576,1171443155,tg-c401,DEV,"Component Info: Vendor Id =x x, Device Id =x x, Class Code =x x, Seg Bus Dev Func =x x x x x",computation,324
59577,1171443155,tg-c401,DEV,"Component Info: Vendor Id =x x, Device Id =x x, Class Code =x x, Seg Bus Dev Func =x x x x x",computation,324
59578,1171443155,tg-c401,DEV,"Component Info: Vendor Id =x x, Device Id =x x, Class Code =x x, Seg Bus Dev Func =x x x x x",computation,324
59579,1171443155,tg-c401,DEV,"Component Info: Vendor Id =x x, Device Id =x x, Class Code =x x, Seg Bus Dev Func =x x x x x",computation,324
59580,1171443155,tg-c401,DEV,+ Platform Specific Error Detail:,computation,324
59581,1171443155,tg-c401,MEM,"Physical Address x, Address Mask: x, Node: x, Card: x, Module: x, Bank: x, Device: x, Row: x, Column: x,",computation,324
59582,1171443155,tg-c401,MEM,"Physical Address x, Address Mask: x, Node: x, Card: x, Module: x, Bank: x, Device: x, Row: x, Column: x,",computation,324
59583,1171443165,tg-c401,DEV,+BEGIN HARDWARE ERROR STATE AT CPE,computation,324
59584,1171443165,tg-c401,DEV,+Platform PCI Component Error Info Section,computation,324
59585,1171443165,tg-c401,DEV,+Platform Specific Error Info Section,computation,324
59586,1171443165,tg-c401,DEV,"Component Info: Vendor Id =x x, Device Id =x x, Class Code =x x, Seg Bus Dev Func =x x x x x",computation,324
59587,1171443165,tg-c401,DEV,"Component Info: Vendor Id =x x, Device Id =x x, Class Code =x x, Seg Bus Dev Func =x x x x x",computation,324
59588,1171443165,tg-c401,DEV,"Component Info: Vendor Id =x x, Device Id =x x, Class Code =x x, Seg Bus Dev Func =x x x x x",computation,324
59589,1171443165,tg-c401,DEV,+ Platform Specific Error Detail:,computation,324
59590,1171443165,tg-c401,MEM,"Physical Address x, Address Mask: x, Node: x, Card: x, Module: x, Bank: x, Device: x, Row: x, Column: x,",computation,324
59591,1171443165,tg-c401,MEM,"Physical Address x, Address Mask: x, Node: x, Card: x, Module: x, Bank: x, Device: x, Row: x, Column: x,",computation,324
59592,1171443175,tg-c401,DEV,+BEGIN HARDWARE ERROR STATE AT CPE,computation,324
59593,1171443175,tg-c401,DEV,+Platform PCI Component Error Info Section,computation,324
59594,1171443175,tg-c401,DEV,"Component Info: Vendor Id =x x, Device Id =x x, Class Code =x x, Seg Bus Dev Func =x x x x x",computation,324
59595,1171443175,tg-c401,DEV,"Component Info: Vendor Id =x x, Device Id =x x, Class Code =x x, Seg Bus Dev Func =x x x x x",computation,324
59596,1171443176,tg-c401,DEV,"Component Info: Vendor Id =x x, Device Id =x x, Class Code =x x, Seg Bus Dev Func =x x x x x",computation,324
59597,1171443176,tg-c401,DEV,"Component Info: Vendor Id =x x, Device Id =x x, Class Code =x x, Seg Bus Dev Func =x x x x x",computation,324
59598,1171443176,tg-c401,DEV,+ Platform Specific Error Detail:,computation,324
59599,1171443176,tg-c401,MEM,"Physical Address x, Address Mask: x, Node: x, Card: x, Module: x, Bank: x, Device: x, Row: x, Column: x,",computation,324
59600,1171443176,tg-c401,MEM,"Physical Address x, Address Mask: x, Node: x, Card: x, Module: x, Bank: x, Device: x, Row: x, Column: x,",computation,324
59601,1171443181,tg-c401,DEV,+BEGIN HARDWARE ERROR STATE AT CPE,computation,324
59602,1171443181,tg-c401,DEV,+Platform PCI Component Error Info Section,computation,324
59603,1171443181,tg-c401,DEV,"Component Info: Vendor Id =x x, Device Id =x x, Class Code =x x, Seg Bus Dev Func =x x x x x",computation,324
59604,1171443181,tg-c401,DEV,"Component Info: Vendor Id =x x, Device Id =x x, Class Code =x x, Seg Bus Dev Func =x x x x x",computation,324
59605,1171443182,tg-c401,DEV,+BEGIN HARDWARE ERROR STATE AT CPE,computation,324
59606,1171443182,tg-c401,DEV,+Platform PCI Component Error Info Section,computation,324
59607,1171443182,tg-c401,DEV,"Component Info: Vendor Id =x x, Device Id =x x, Class Code =x x, Seg Bus Dev Func =x x x x x",computation,324
59608,1171443182,tg-c401,DEV,"Component Info: Vendor Id =x x, Device Id =x x, Class Code =x x, Seg Bus Dev Func =x x x x x",computation,324
59609,1171443182,tg-c401,DEV,"Component Info: Vendor Id =x x, Device Id =x x, Class Code =x x, Seg Bus Dev Func =x x x x x",computation,324
59610,1171443182,tg-c401,DEV,+ Platform Specific Error Detail:,computation,324
59611,1171443182,tg-c401,MEM,"Physical Address x, Address Mask: x, Node: x, Card: x, Module: x, Bank: x, Device: x, Row: x, Column: x,",computation,324
59612,1171443182,tg-c401,MEM,"Physical Address x, Address Mask: x, Node: x, Card: x, Module: x, Bank: x, Device: x, Row: x, Column: x,",computation,324
59613,1171443183,tg-c401,DEV,+Platform PCI Component Error Info Section,computation,324
59614,1171443183,tg-c401,DEV,"Component Info: Vendor Id =x x, Device Id =x x, Class Code =x x, Seg Bus Dev Func =x x x x x",computation,324
59615,1171443197,tg-c401,DEV,+BEGIN HARDWARE ERROR STATE AT CPE,computation,324
59616,1171443197,tg-c401,DEV,+END HARDWARE ERROR STATE AT CPE,computation,324
59617,1171443197,tg-c401,DEV,+Platform PCI Component Error Info Section,computation,324
59618,1171443197,tg-c401,DEV,+Platform Specific Error Info Section,computation,324
59619,1171443197,tg-c401,DEV,"Component Info: Vendor Id =x x, Device Id =x x, Class Code =x x, Seg Bus Dev Func =x x x x x",computation,324
59620,1171443197,tg-c401,DEV,"Component Info: Vendor Id =x x, Device Id =x x, Class Code =x x, Seg Bus Dev Func =x x x x x",computation,324
59621,1171443197,tg-c401,DEV,"Component Info: Vendor Id =x x, Device Id =x x, Class Code =x x, Seg Bus Dev Func =x x x x x",computation,324
59622,1171443197,tg-c401,DEV,"Component Info: Vendor Id =x x, Device Id =x x, Class Code =x x, Seg Bus Dev Func =x x x x x",computation,324
59623,1171443197,tg-c401,DEV,+ Platform Specific Error Detail:,computation,324
59624,1171443197,tg-c401,MEM,"Physical Address x, Address Mask: x, Node: x, Card: x, Module: x, Bank: x, Device: x, Row: x, Column: x,",computation,324
59625,1171443197,tg-c401,MEM,"Physical Address x, Address Mask: x, Node: x, Card: x, Module: x, Bank: x, Device: x, Row: x, Column: x,",computation,324
59626,1171443200,tg-c401,DEV,+BEGIN HARDWARE ERROR STATE AT CPE,computation,324
59627,1171443200,tg-c401,DEV,+Platform PCI Component Error Info Section,computation,324
59628,1171443201,tg-c401,DEV,+END HARDWARE ERROR STATE AT CPE,computation,324
59629,1171443201,tg-c401,DEV,+Platform PCI Component Error Info Section,computation,324
59630,1171443201,tg-c401,DEV,+Platform Specific Error Info Section,computation,324
59631,1171443201,tg-c401,DEV,"Component Info: Vendor Id =x x, Device Id =x x, Class Code =x x, Seg Bus Dev Func =x x x x x",computation,324
59632,1171443201,tg-c401,DEV,"Component Info: Vendor Id =x x, Device Id =x x, Class Code =x x, Seg Bus Dev Func =x x x x x",computation,324
59633,1171443201,tg-c401,DEV,"Component Info: Vendor Id =x x, Device Id =x x, Class Code =x x, Seg Bus Dev Func =x x x x x",computation,324
59634,1171443201,tg-c401,DEV,"Component Info: Vendor Id =x x, Device Id =x x, Class Code =x x, Seg Bus Dev Func =x x x x x",computation,324
59635,1171443201,tg-c401,DEV,+ Platform Specific Error Detail:,computation,324
59636,1171443201,tg-c401,MEM,"Physical Address x, Address Mask: x, Node: x, Card: x, Module: x, Bank: x, Device: x, Row: x, Column: x,",computation,324
59637,1171443201,tg-c401,MEM,"Physical Address x, Address Mask: x, Node: x, Card: x, Module: x, Bank: x, Device: x, Row: x, Column: x,",computation,324
59638,1171443214,tg-c401,DEV,+BEGIN HARDWARE ERROR STATE AT CPE,computation,324
59639,1171443215,tg-c401,DEV,+Platform PCI Component Error Info Section,computation,324
59640,1171443215,tg-c401,DEV,+Platform Specific Error Info Section,computation,324
59641,1171443215,tg-c401,DEV,"Component Info: Vendor Id =x x, Device Id =x x, Class Code =x x, Seg Bus Dev Func =x x x x x",computation,324
59642,1171443215,tg-c401,DEV,"Component Info: Vendor Id =x x, Device Id =x x, Class Code =x x, Seg Bus Dev Func =x x x x x",computation,324
59643,1171443215,tg-c401,DEV,"Component Info: Vendor Id =x x, Device Id =x x, Class Code =x x, Seg Bus Dev Func =x x x x x",computation,324
59644,1171443215,tg-c401,DEV,"Component Info: Vendor Id =x x, Device Id =x x, Class Code =x x, Seg Bus Dev Func =x x x x x",computation,324
59645,1171443215,tg-c401,DEV,+ Platform Specific Error Detail:,computation,324
59646,1171443215,tg-c401,MEM,"Physical Address x, Address Mask: x, Node: x, Card: x, Module: x, Bank: x, Device: x, Row: x, Column: x,",computation,324
59647,1171443215,tg-c401,MEM,"Physical Address x, Address Mask: x, Node: x, Card: x, Module: x, Bank: x, Device: x, Row: x, Column: x,",computation,324
59648,1171443231,tg-c401,DEV,+BEGIN HARDWARE ERROR STATE AT CPE,computation,324
59649,1171443231,tg-c401,DEV,+END HARDWARE ERROR STATE AT CPE,computation,324
59650,1171443231,tg-c401,DEV,+Platform PCI Component Error Info Section,computation,324
59651,1171443231,tg-c401,DEV,+Platform Specific Error Info Section,computation,324
59652,1171443231,tg-c401,DEV,"Component Info: Vendor Id =x x, Device Id =x x, Class Code =x x, Seg Bus Dev Func =x x x x x",computation,324
59653,1171443231,tg-c401,DEV,"Component Info: Vendor Id =x x, Device Id =x x, Class Code =x x, Seg Bus Dev Func =x x x x x",computation,324
59654,1171443231,tg-c401,DEV,"Component Info: Vendor Id =x x, Device Id =x x, Class Code =x x, Seg Bus Dev Func =x x x x x",computation,324
59655,1171443231,tg-c401,DEV,"Component Info: Vendor Id =x x, Device Id =x x, Class Code =x x, Seg Bus Dev Func =x x x x x",computation,324
59656,1171443231,tg-c401,DEV,+ Platform Specific Error Detail:,computation,324
59657,1171443231,tg-c401,MEM,"Physical Address x, Address Mask: x, Node: x, Card: x, Module: x, Bank: x, Device: x, Row: x, Column: x,",computation,324
59658,1171443231,tg-c401,MEM,"Physical Address x, Address Mask: x, Node: x, Card: x, Module: x, Bank: x, Device: x, Row: x, Column: x,",computation,324
59659,1171443236,tg-c401,DEV,+BEGIN HARDWARE ERROR STATE AT CPE,computation,324
59660,1171443236,tg-c401,DEV,+Platform PCI Component Error Info Section,computation,324
59661,1171443236,tg-c401,DEV,"Component Info: Vendor Id =x x, Device Id =x x, Class Code =x x, Seg Bus Dev Func =x x x x x",computation,324
59662,1171443236,tg-c401,DEV,"Component Info: Vendor Id =x x, Device Id =x x, Class Code =x x, Seg Bus Dev Func =x x x x x",computation,324
59663,1171443236,tg-c401,DEV,"Component Info: Vendor Id =x x, Device Id =x x, Class Code =x x, Seg Bus Dev Func =x x x x x",computation,324
59664,1171443237,tg-c401,DEV,+END HARDWARE ERROR STATE AT CPE,computation,324
59665,1171443237,tg-c401,DEV,+Platform Specific Error Info Section,computation,324
59666,1171443237,tg-c401,DEV,"Component Info: Vendor Id =x x, Device Id =x x, Class Code =x x, Seg Bus Dev Func =x x x x x",computation,324
59667,1171443237,tg-c401,DEV,+ Platform Specific Error Detail:,computation,324
59668,1171443237,tg-c401,MEM,"Physical Address x, Address Mask: x, Node: x, Card: x, Module: x, Bank: x, Device: x, Row: x, Column: x,",computation,324
59669,1171443237,tg-c401,MEM,"Physical Address x, Address Mask: x, Node: x, Card: x, Module: x, Bank: x, Device: x, Row: x, Column: x,",computation,324
59670,1171443241,tg-c401,DEV,+BEGIN HARDWARE ERROR STATE AT CPE,computation,324
59671,1171443241,tg-c401,DEV,+Platform PCI Component Error Info Section,computation,324
59672,1171443241,tg-c401,DEV,"Component Info: Vendor Id =x x, Device Id =x x, Class Code =x x, Seg Bus Dev Func =x x x x x",computation,324
59673,1171443241,tg-c401,DEV,"Component Info: Vendor Id =x x, Device Id =x x, Class Code =x x, Seg Bus Dev Func =x x x x x",computation,324
59674,1171443241,tg-c401,DEV,"Component Info: Vendor Id =x x, Device Id =x x, Class Code =x x, Seg Bus Dev Func =x x x x x",computation,324
59675,1171443241,tg-c401,DEV,"Component Info: Vendor Id =x x, Device Id =x x, Class Code =x x, Seg Bus Dev Func =x x x x x",computation,324
59676,1171443242,tg-c401,DEV,+END HARDWARE ERROR STATE AT CPE,computation,324
59677,1171443242,tg-c401,DEV,+Platform Specific Error Info Section,computation,324
59678,1171443242,tg-c401,DEV,+ Platform Specific Error Detail:,computation,324
59679,1171443242,tg-c401,MEM,"Physical Address x, Address Mask: x, Node: x, Card: x, Module: x, Bank: x, Device: x, Row: x, Column: x,",computation,324
59680,1171443242,tg-c401,MEM,"Physical Address x, Address Mask: x, Node: x, Card: x, Module: x, Bank: x, Device: x, Row: x, Column: x,",computation,324
59681,1171443251,tg-c401,DEV,+BEGIN HARDWARE ERROR STATE AT CPE,computation,324
59682,1171443251,tg-c401,DEV,+END HARDWARE ERROR STATE AT CPE,computation,324
59683,1171443251,tg-c401,DEV,+Platform PCI Component Error Info Section,computation,324
59684,1171443251,tg-c401,DEV,+Platform Specific Error Info Section,computation,324
59685,1171443251,tg-c401,DEV,"Component Info: Vendor Id =x x, Device Id =x x, Class Code =x x, Seg Bus Dev Func =x x x x x",computation,324
59686,1171443251,tg-c401,DEV,"Component Info: Vendor Id =x x, Device Id =x x, Class Code =x x, Seg Bus Dev Func =x x x x x",computation,324
59687,1171443251,tg-c401,DEV,"Component Info: Vendor Id =x x, Device Id =x x, Class Code =x x, Seg Bus Dev Func =x x x x x",computation,324
59688,1171443251,tg-c401,DEV,"Component Info: Vendor Id =x x, Device Id =x x, Class Code =x x, Seg Bus Dev Func =x x x x x",computation,324
59689,1171443251,tg-c401,DEV,+ Platform Specific Error Detail:,computation,324
59690,1171443251,tg-c401,MEM,"Physical Address x, Address Mask: x, Node: x, Card: x, Module: x, Bank: x, Device: x, Row: x, Column: x,",computation,324
59691,1171443251,tg-c401,MEM,"Physical Address x, Address Mask: x, Node: x, Card: x, Module: x, Bank: x, Device: x, Row: x, Column: x,",computation,324
59692,1171443258,tg-c401,DEV,+BEGIN HARDWARE ERROR STATE AT CPE,computation,324
59693,1171443258,tg-c401,DEV,+Platform PCI Component Error Info Section,computation,324
59694,1171443258,tg-c401,DEV,+Platform Specific Error Info Section,computation,324
59695,1171443258,tg-c401,DEV,"Component Info: Vendor Id =x x, Device Id =x x, Class Code =x x, Seg Bus Dev Func =x x x x x",computation,324
59696,1171443258,tg-c401,DEV,"Component Info: Vendor Id =x x, Device Id =x x, Class Code =x x, Seg Bus Dev Func =x x x x x",computation,324
59697,1171443258,tg-c401,DEV,"Component Info: Vendor Id =x x, Device Id =x x, Class Code =x x, Seg Bus Dev Func =x x x x x",computation,324
59698,1171443258,tg-c401,DEV,"Component Info: Vendor Id =x x, Device Id =x x, Class Code =x x, Seg Bus Dev Func =x x x x x",computation,324
59699,1171443258,tg-c401,DEV,+ Platform Specific Error Detail:,computation,324
59700,1171443258,tg-c401,MEM,"Physical Address x, Address Mask: x, Node: x, Card: x, Module: x, Bank: x, Device: x, Row: x, Column: x,",computation,324
59701,1171443258,tg-c401,MEM,"Physical Address x, Address Mask: x, Node: x, Card: x, Module: x, Bank: x, Device: x, Row: x, Column: x,",computation,324
59702,1171443328,tg-c401,DEV,+BEGIN HARDWARE ERROR STATE AT CPE,computation,324
59703,1171443328,tg-c401,DEV,+Platform PCI Component Error Info Section,computation,324
59704,1171443328,tg-c401,DEV,+Platform Specific Error Info Section,computation,324
59705,1171443328,tg-c401,DEV,"Component Info: Vendor Id =x x, Device Id =x x, Class Code =x x, Seg Bus Dev Func =x x x x x",computation,324
59706,1171443328,tg-c401,DEV,"Component Info: Vendor Id =x x, Device Id =x x, Class Code =x x, Seg Bus Dev Func =x x x x x",computation,324
59707,1171443328,tg-c401,DEV,"Component Info: Vendor Id =x x, Device Id =x x, Class Code =x x, Seg Bus Dev Func =x x x x x",computation,324
59708,1171443328,tg-c401,DEV,"Component Info: Vendor Id =x x, Device Id =x x, Class Code =x x, Seg Bus Dev Func =x x x x x",computation,324
59709,1171443328,tg-c401,DEV,+ Platform Specific Error Detail:,computation,324
59710,1171443328,tg-c401,MEM,"Physical Address x, Address Mask: x, Node: x, Card: x, Module: x, Bank: x, Device: x, Row: x, Column: x,",computation,324
59711,1171443328,tg-c401,MEM,"Physical Address x, Address Mask: x, Node: x, Card: x, Module: x, Bank: x, Device: x, Row: x, Column: x,",computation,324
59712,1171443358,tg-c401,DEV,+BEGIN HARDWARE ERROR STATE AT CPE,computation,324
59713,1171443358,tg-c401,DEV,+END HARDWARE ERROR STATE AT CPE,computation,324
59714,1171443358,tg-c401,DEV,+Platform PCI Component Error Info Section,computation,324
59715,1171443358,tg-c401,DEV,+Platform Specific Error Info Section,computation,324
59716,1171443358,tg-c401,DEV,"Component Info: Vendor Id =x x, Device Id =x x, Class Code =x x, Seg Bus Dev Func =x x x x x",computation,324
59717,1171443358,tg-c401,DEV,"Component Info: Vendor Id =x x, Device Id =x x, Class Code =x x, Seg Bus Dev Func =x x x x x",computation,324
59718,1171443358,tg-c401,DEV,"Component Info: Vendor Id =x x, Device Id =x x, Class Code =x x, Seg Bus Dev Func =x x x x x",computation,324
59719,1171443358,tg-c401,DEV,"Component Info: Vendor Id =x x, Device Id =x x, Class Code =x x, Seg Bus Dev Func =x x x x x",computation,324
59720,1171443358,tg-c401,DEV,+ Platform Specific Error Detail:,computation,324
59721,1171443358,tg-c401,MEM,"Physical Address x, Address Mask: x, Node: x, Card: x, Module: x, Bank: x, Device: x, Row: x, Column: x,",computation,324
59722,1171443358,tg-c401,MEM,"Physical Address x, Address Mask: x, Node: x, Card: x, Module: x, Bank: x, Device: x, Row: x, Column: x,",computation,324
59723,1171443365,tg-c401,DEV,+BEGIN HARDWARE ERROR STATE AT CPE,computation,324
59724,1171443365,tg-c401,DEV,+Platform PCI Component Error Info Section,computation,324
59725,1171443365,tg-c401,DEV,"Component Info: Vendor Id =x x, Device Id =x x, Class Code =x x, Seg Bus Dev Func =x x x x x",computation,324
59726,1171443365,tg-c401,DEV,"Component Info: Vendor Id =x x, Device Id =x x, Class Code =x x, Seg Bus Dev Func =x x x x x",computation,324
59727,1171443365,tg-c401,DEV,"Component Info: Vendor Id =x x, Device Id =x x, Class Code =x x, Seg Bus Dev Func =x x x x x",computation,324
59728,1171443365,tg-c401,DEV,"Component Info: Vendor Id =x x, Device Id =x x, Class Code =x x, Seg Bus Dev Func =x x x x x",computation,324
59729,1171443365,tg-c401,DEV,+ Platform Specific Error Detail:,computation,324
59730,1171443365,tg-c401,MEM,"Physical Address x, Address Mask: x, Node: x, Card: x, Module: x, Bank: x, Device: x, Row: x, Column: x,",computation,324
59731,1171443365,tg-c401,MEM,"Physical Address x, Address Mask: x, Node: x, Card: x, Module: x, Bank: x, Device: x, Row: x, Column: x,",computation,324
59732,1171443392,tg-c401,DEV,+BEGIN HARDWARE ERROR STATE AT CPE,computation,324
59733,1171443392,tg-c401,DEV,+Platform PCI Component Error Info Section,computation,324
59734,1171443392,tg-c401,DEV,+Platform Specific Error Info Section,computation,324
59735,1171443392,tg-c401,DEV,"Component Info: Vendor Id =x x, Device Id =x x, Class Code =x x, Seg Bus Dev Func =x x x x x",computation,324
59736,1171443392,tg-c401,DEV,"Component Info: Vendor Id =x x, Device Id =x x, Class Code =x x, Seg Bus Dev Func =x x x x x",computation,324
59737,1171443392,tg-c401,DEV,"Component Info: Vendor Id =x x, Device Id =x x, Class Code =x x, Seg Bus Dev Func =x x x x x",computation,324
59738,1171443392,tg-c401,DEV,"Component Info: Vendor Id =x x, Device Id =x x, Class Code =x x, Seg Bus Dev Func =x x x x x",computation,324
59739,1171443392,tg-c401,DEV,+ Platform Specific Error Detail:,computation,324
59740,1171443392,tg-c401,MEM,"Physical Address x, Address Mask: x, Node: x, Card: x, Module: x, Bank: x, Device: x, Row: x, Column: x,",computation,324
59741,1171443392,tg-c401,MEM,"Physical Address x, Address Mask: x, Node: x, Card: x, Module: x, Bank: x, Device: x, Row: x, Column: x,",computation,324
59742,1171443442,tg-c401,DEV,+BEGIN HARDWARE ERROR STATE AT CPE,computation,324
59743,1171443442,tg-c401,DEV,+Platform PCI Component Error Info Section,computation,324
59744,1171443442,tg-c401,DEV,"Component Info: Vendor Id =x x, Device Id =x x, Class Code =x x, Seg Bus Dev Func =x x x x x",computation,324
59745,1171443442,tg-c401,DEV,"Component Info: Vendor Id =x x, Device Id =x x, Class Code =x x, Seg Bus Dev Func =x x x x x",computation,324
59746,1171443442,tg-c401,DEV,"Component Info: Vendor Id =x x, Device Id =x x, Class Code =x x, Seg Bus Dev Func =x x x x x",computation,324
59747,1171443443,tg-c401,DEV,+BEGIN HARDWARE ERROR STATE AT CPE,computation,324
59748,1171443443,tg-c401,DEV,+END HARDWARE ERROR STATE AT CPE,computation,324
59749,1171443443,tg-c401,DEV,+Platform PCI Component Error Info Section,computation,324
59750,1171443443,tg-c401,DEV,+Platform Specific Error Info Section,computation,324
59751,1171443443,tg-c401,DEV,"Component Info: Vendor Id =x x, Device Id =x x, Class Code =x x, Seg Bus Dev Func =x x x x x",computation,324
59752,1171443443,tg-c401,DEV,"Component Info: Vendor Id =x x, Device Id =x x, Class Code =x x, Seg Bus Dev Func =x x x x x",computation,324
59753,1171443443,tg-c401,DEV,"Component Info: Vendor Id =x x, Device Id =x x, Class Code =x x, Seg Bus Dev Func =x x x x x",computation,324
59754,1171443443,tg-c401,DEV,"Component Info: Vendor Id =x x, Device Id =x x, Class Code =x x, Seg Bus Dev Func =x x x x x",computation,324
59755,1171443443,tg-c401,DEV,"Component Info: Vendor Id =x x, Device Id =x x, Class Code =x x, Seg Bus Dev Func =x x x x x",computation,324
59756,1171443443,tg-c401,DEV,+ Platform Specific Error Detail:,computation,324
59757,1171443443,tg-c401,MEM,"Physical Address x, Address Mask: x, Node: x, Card: x, Module: x, Bank: x, Device: x, Row: x, Column: x,",computation,324
59758,1171443443,tg-c401,MEM,"Physical Address x, Address Mask: x, Node: x, Card: x, Module: x, Bank: x, Device: x, Row: x, Column: x,",computation,324
59759,1171443446,tg-c401,DEV,+BEGIN HARDWARE ERROR STATE AT CPE,computation,324
59760,1171443446,tg-c401,DEV,+Platform PCI Component Error Info Section,computation,324
59761,1171443447,tg-c401,DEV,+Platform PCI Component Error Info Section,computation,324
59762,1171443447,tg-c401,DEV,+Platform Specific Error Info Section,computation,324
59763,1171443447,tg-c401,DEV,"Component Info: Vendor Id =x x, Device Id =x x, Class Code =x x, Seg Bus Dev Func =x x x x x",computation,324
59764,1171443447,tg-c401,DEV,"Component Info: Vendor Id =x x, Device Id =x x, Class Code =x x, Seg Bus Dev Func =x x x x x",computation,324
59765,1171443447,tg-c401,DEV,"Component Info: Vendor Id =x x, Device Id =x x, Class Code =x x, Seg Bus Dev Func =x x x x x",computation,324
59766,1171443447,tg-c401,DEV,"Component Info: Vendor Id =x x, Device Id =x x, Class Code =x x, Seg Bus Dev Func =x x x x x",computation,324
59767,1171443447,tg-c401,MEM,"Physical Address x, Address Mask: x, Node: x, Card: x, Module: x, Bank: x, Device: x, Row: x, Column: x,",computation,324
59768,1171443447,tg-c401,MEM,"Physical Address x, Address Mask: x, Node: x, Card: x, Module: x, Bank: x, Device: x, Row: x, Column: x,",computation,324
59769,1171443449,tg-c401,DEV,+BEGIN HARDWARE ERROR STATE AT CPE,computation,324
59770,1171443449,tg-c401,DEV,+END HARDWARE ERROR STATE AT CPE,computation,324
59771,1171443449,tg-c401,DEV,+Platform PCI Component Error Info Section,computation,324
59772,1171443449,tg-c401,DEV,+Platform Specific Error Info Section,computation,324
59773,1171443449,tg-c401,DEV,"Component Info: Vendor Id =x x, Device Id =x x, Class Code =x x, Seg Bus Dev Func =x x x x x",computation,324
59774,1171443449,tg-c401,DEV,"Component Info: Vendor Id =x x, Device Id =x x, Class Code =x x, Seg Bus Dev Func =x x x x x",computation,324
59775,1171443449,tg-c401,DEV,"Component Info: Vendor Id =x x, Device Id =x x, Class Code =x x, Seg Bus Dev Func =x x x x x",computation,324
59776,1171443449,tg-c401,DEV,"Component Info: Vendor Id =x x, Device Id =x x, Class Code =x x, Seg Bus Dev Func =x x x x x",computation,324
59777,1171443449,tg-c401,DEV,+ Platform Specific Error Detail:,computation,324
59778,1171443449,tg-c401,MEM,"Physical Address x, Address Mask: x, Node: x, Card: x, Module: x, Bank: x, Device: x, Row: x, Column: x,",computation,324
59779,1171443449,tg-c401,MEM,"Physical Address x, Address Mask: x, Node: x, Card: x, Module: x, Bank: x, Device: x, Row: x, Column: x,",computation,324
59780,1171443453,tg-c401,DEV,+BEGIN HARDWARE ERROR STATE AT CPE,computation,324
59781,1171443453,tg-c401,DEV,+END HARDWARE ERROR STATE AT CPE,computation,324
59782,1171443453,tg-c401,DEV,+Platform PCI Component Error Info Section,computation,324
59783,1171443453,tg-c401,DEV,+Platform Specific Error Info Section,computation,324
59784,1171443453,tg-c401,DEV,"Component Info: Vendor Id =x x, Device Id =x x, Class Code =x x, Seg Bus Dev Func =x x x x x",computation,324
59785,1171443453,tg-c401,DEV,"Component Info: Vendor Id =x x, Device Id =x x, Class Code =x x, Seg Bus Dev Func =x x x x x",computation,324
59786,1171443453,tg-c401,DEV,"Component Info: Vendor Id =x x, Device Id =x x, Class Code =x x, Seg Bus Dev Func =x x x x x",computation,324
59787,1171443453,tg-c401,DEV,"Component Info: Vendor Id =x x, Device Id =x x, Class Code =x x, Seg Bus Dev Func =x x x x x",computation,324
59788,1171443453,tg-c401,DEV,+ Platform Specific Error Detail:,computation,324
59789,1171443453,tg-c401,MEM,"Physical Address x, Address Mask: x, Node: x, Card: x, Module: x, Bank: x, Device: x, Row: x, Column: x,",computation,324
59790,1171443453,tg-c401,MEM,"Physical Address x, Address Mask: x, Node: x, Card: x, Module: x, Bank: x, Device: x, Row: x, Column: x,",computation,324
59791,1171443462,tg-c401,DEV,+BEGIN HARDWARE ERROR STATE AT CPE,computation,324
59792,1171443462,tg-c401,DEV,+Platform PCI Component Error Info Section,computation,324
59793,1171443462,tg-c401,DEV,+Platform Specific Error Info Section,computation,324
59794,1171443462,tg-c401,DEV,"Component Info: Vendor Id =x x, Device Id =x x, Class Code =x x, Seg Bus Dev Func =x x x x x",computation,324
59795,1171443462,tg-c401,DEV,"Component Info: Vendor Id =x x, Device Id =x x, Class Code =x x, Seg Bus Dev Func =x x x x x",computation,324
59796,1171443462,tg-c401,DEV,"Component Info: Vendor Id =x x, Device Id =x x, Class Code =x x, Seg Bus Dev Func =x x x x x",computation,324
59797,1171443462,tg-c401,DEV,"Component Info: Vendor Id =x x, Device Id =x x, Class Code =x x, Seg Bus Dev Func =x x x x x",computation,324
59798,1171443462,tg-c401,DEV,+ Platform Specific Error Detail:,computation,324
59799,1171443462,tg-c401,MEM,"Physical Address x, Address Mask: x, Node: x, Card: x, Module: x, Bank: x, Device: x, Row: x, Column: x,",computation,324
59800,1171443462,tg-c401,MEM,"Physical Address x, Address Mask: x, Node: x, Card: x, Module: x, Bank: x, Device: x, Row: x, Column: x,",computation,324
59801,1171443466,tg-c401,DEV,+BEGIN HARDWARE ERROR STATE AT CPE,computation,324
59802,1171443466,tg-c401,DEV,+Platform PCI Component Error Info Section,computation,324
59803,1171443466,tg-c401,DEV,"Component Info: Vendor Id =x x, Device Id =x x, Class Code =x x, Seg Bus Dev Func =x x x x x",computation,324
59804,1171443467,tg-c401,DEV,+Platform PCI Component Error Info Section,computation,324
59805,1171443467,tg-c401,DEV,"Component Info: Vendor Id =x x, Device Id =x x, Class Code =x x, Seg Bus Dev Func =x x x x x",computation,324
59806,1171443467,tg-c401,DEV,"Component Info: Vendor Id =x x, Device Id =x x, Class Code =x x, Seg Bus Dev Func =x x x x x",computation,324
59807,1171443467,tg-c401,DEV,"Component Info: Vendor Id =x x, Device Id =x x, Class Code =x x, Seg Bus Dev Func =x x x x x",computation,324
59808,1171443467,tg-c401,DEV,+ Platform Specific Error Detail:,computation,324
59809,1171443467,tg-c401,MEM,"Physical Address x, Address Mask: x, Node: x, Card: x, Module: x, Bank: x, Device: x, Row: x, Column: x,",computation,324
59810,1171443467,tg-c401,MEM,"Physical Address x, Address Mask: x, Node: x, Card: x, Module: x, Bank: x, Device: x, Row: x, Column: x,",computation,324
59811,1171443482,tg-c401,DEV,+BEGIN HARDWARE ERROR STATE AT CPE,computation,324
59812,1171443482,tg-c401,DEV,+Platform PCI Component Error Info Section,computation,324
59813,1171443482,tg-c401,DEV,"Component Info: Vendor Id =x x, Device Id =x x, Class Code =x x, Seg Bus Dev Func =x x x x x",computation,324
59814,1171443483,tg-c401,DEV,+BEGIN HARDWARE ERROR STATE AT CPE,computation,324
59815,1171443483,tg-c401,DEV,+Platform PCI Component Error Info Section,computation,324
59816,1171443483,tg-c401,DEV,+Platform Specific Error Info Section,computation,324
59817,1171443483,tg-c401,DEV,"Component Info: Vendor Id =x x, Device Id =x x, Class Code =x x, Seg Bus Dev Func =x x x x x",computation,324
59818,1171443483,tg-c401,DEV,"Component Info: Vendor Id =x x, Device Id =x x, Class Code =x x, Seg Bus Dev Func =x x x x x",computation,324
59819,1171443483,tg-c401,DEV,"Component Info: Vendor Id =x x, Device Id =x x, Class Code =x x, Seg Bus Dev Func =x x x x x",computation,324
59820,1171443483,tg-c401,DEV,"Component Info: Vendor Id =x x, Device Id =x x, Class Code =x x, Seg Bus Dev Func =x x x x x",computation,324
59821,1171443483,tg-c401,DEV,"Component Info: Vendor Id =x x, Device Id =x x, Class Code =x x, Seg Bus Dev Func =x x x x x",computation,324
59822,1171443483,tg-c401,DEV,+ Platform Specific Error Detail:,computation,324
59823,1171443483,tg-c401,MEM,"Physical Address x, Address Mask: x, Node: x, Card: x, Module: x, Bank: x, Device: x, Row: x, Column: x,",computation,324
59824,1171443483,tg-c401,MEM,"Physical Address x, Address Mask: x, Node: x, Card: x, Module: x, Bank: x, Device: x, Row: x, Column: x,",computation,324
59825,1171443484,tg-c401,DEV,+END HARDWARE ERROR STATE AT CPE,computation,324
59826,1171443484,tg-c401,DEV,+Platform Specific Error Info Section,computation,324
59827,1171443484,tg-c401,DEV,"Component Info: Vendor Id =x x, Device Id =x x, Class Code =x x, Seg Bus Dev Func =x x x x x",computation,324
59828,1171443484,tg-c401,DEV,"Component Info: Vendor Id =x x, Device Id =x x, Class Code =x x, Seg Bus Dev Func =x x x x x",computation,324
59829,1171443484,tg-c401,DEV,+ Platform Specific Error Detail:,computation,324
59830,1171443484,tg-c401,MEM,"Physical Address x, Address Mask: x, Node: x, Card: x, Module: x, Bank: x, Device: x, Row: x, Column: x,",computation,324
59831,1171443484,tg-c401,MEM,"Physical Address x, Address Mask: x, Node: x, Card: x, Module: x, Bank: x, Device: x, Row: x, Column: x,",computation,324
59832,1171443503,tg-c401,DEV,+BEGIN HARDWARE ERROR STATE AT CPE,computation,324
59833,1171443503,tg-c401,DEV,+Platform PCI Component Error Info Section,computation,324
59834,1171443503,tg-c401,DEV,"Component Info: Vendor Id =x x, Device Id =x x, Class Code =x x, Seg Bus Dev Func =x x x x x",computation,324
59835,1171443504,tg-c401,DEV,+BEGIN HARDWARE ERROR STATE AT CPE,computation,324
59836,1171443504,tg-c401,DEV,+END HARDWARE ERROR STATE AT CPE,computation,324
59837,1171443504,tg-c401,DEV,+Platform PCI Component Error Info Section,computation,324
59838,1171443504,tg-c401,DEV,+Platform Specific Error Info Section,computation,324
59839,1171443504,tg-c401,DEV,"Component Info: Vendor Id =x x, Device Id =x x, Class Code =x x, Seg Bus Dev Func =x x x x x",computation,324
59840,1171443504,tg-c401,DEV,"Component Info: Vendor Id =x x, Device Id =x x, Class Code =x x, Seg Bus Dev Func =x x x x x",computation,324
59841,1171443504,tg-c401,DEV,"Component Info: Vendor Id =x x, Device Id =x x, Class Code =x x, Seg Bus Dev Func =x x x x x",computation,324
59842,1171443504,tg-c401,DEV,+ Platform Specific Error Detail:,computation,324
59843,1171443504,tg-c401,MEM,"Physical Address x, Address Mask: x, Node: x, Card: x, Module: x, Bank: x, Device: x, Row: x, Column: x,",computation,324
59844,1171443504,tg-c401,MEM,"Physical Address x, Address Mask: x, Node: x, Card: x, Module: x, Bank: x, Device: x, Row: x, Column: x,",computation,324
59845,1171443505,tg-c401,DEV,+END HARDWARE ERROR STATE AT CPE,computation,324
59846,1171443505,tg-c401,DEV,+Platform PCI Component Error Info Section,computation,324
59847,1171443505,tg-c401,DEV,+Platform Specific Error Info Section,computation,324
59848,1171443505,tg-c401,DEV,"Component Info: Vendor Id =x x, Device Id =x x, Class Code =x x, Seg Bus Dev Func =x x x x x",computation,324
59849,1171443505,tg-c401,DEV,"Component Info: Vendor Id =x x, Device Id =x x, Class Code =x x, Seg Bus Dev Func =x x x x x",computation,324
59850,1171443505,tg-c401,DEV,"Component Info: Vendor Id =x x, Device Id =x x, Class Code =x x, Seg Bus Dev Func =x x x x x",computation,324
59851,1171443505,tg-c401,DEV,+ Platform Specific Error Detail:,computation,324
59852,1171443505,tg-c401,MEM,"Physical Address x, Address Mask: x, Node: x, Card: x, Module: x, Bank: x, Device: x, Row: x, Column: x,",computation,324
59853,1171443505,tg-c401,MEM,"Physical Address x, Address Mask: x, Node: x, Card: x, Module: x, Bank: x, Device: x, Row: x, Column: x,",computation,324
59854,1171443510,tg-c401,DEV,+BEGIN HARDWARE ERROR STATE AT CPE,computation,324
59855,1171443510,tg-c401,DEV,+END HARDWARE ERROR STATE AT CPE,computation,324
59856,1171443510,tg-c401,DEV,+Platform PCI Component Error Info Section,computation,324
59857,1171443510,tg-c401,DEV,+Platform Specific Error Info Section,computation,324
59858,1171443510,tg-c401,DEV,"Component Info: Vendor Id =x x, Device Id =x x, Class Code =x x, Seg Bus Dev Func =x x x x x",computation,324
59859,1171443510,tg-c401,DEV,"Component Info: Vendor Id =x x, Device Id =x x, Class Code =x x, Seg Bus Dev Func =x x x x x",computation,324
59860,1171443510,tg-c401,DEV,"Component Info: Vendor Id =x x, Device Id =x x, Class Code =x x, Seg Bus Dev Func =x x x x x",computation,324
59861,1171443510,tg-c401,DEV,"Component Info: Vendor Id =x x, Device Id =x x, Class Code =x x, Seg Bus Dev Func =x x x x x",computation,324
59862,1171443510,tg-c401,DEV,+ Platform Specific Error Detail:,computation,324
59863,1171443510,tg-c401,MEM,"Physical Address x, Address Mask: x, Node: x, Card: x, Module: x, Bank: x, Device: x, Row: x, Column: x,",computation,324
59864,1171443510,tg-c401,MEM,"Physical Address x, Address Mask: x, Node: x, Card: x, Module: x, Bank: x, Device: x, Row: x, Column: x,",computation,324
59865,1171443520,tg-c401,DEV,+BEGIN HARDWARE ERROR STATE AT CPE,computation,324
59866,1171443520,tg-c401,DEV,+Platform PCI Component Error Info Section,computation,324
59867,1171443520,tg-c401,DEV,"Component Info: Vendor Id =x x, Device Id =x x, Class Code =x x, Seg Bus Dev Func =x x x x x",computation,324
59868,1171443520,tg-c401,DEV,"Component Info: Vendor Id =x x, Device Id =x x, Class Code =x x, Seg Bus Dev Func =x x x x x",computation,324
59869,1171443520,tg-c401,DEV,"Component Info: Vendor Id =x x, Device Id =x x, Class Code =x x, Seg Bus Dev Func =x x x x x",computation,324
59870,1171443521,tg-c401,DEV,+END HARDWARE ERROR STATE AT CPE,computation,324
59871,1171443521,tg-c401,DEV,+Platform PCI Component Error Info Section,computation,324
59872,1171443521,tg-c401,DEV,+Platform Specific Error Info Section,computation,324
59873,1171443521,tg-c401,DEV,"Component Info: Vendor Id =x x, Device Id =x x, Class Code =x x, Seg Bus Dev Func =x x x x x",computation,324
59874,1171443521,tg-c401,DEV,+ Platform Specific Error Detail:,computation,324
59875,1171443521,tg-c401,MEM,"Physical Address x, Address Mask: x, Node: x, Card: x, Module: x, Bank: x, Device: x, Row: x, Column: x,",computation,324
59876,1171443521,tg-c401,MEM,"Physical Address x, Address Mask: x, Node: x, Card: x, Module: x, Bank: x, Device: x, Row: x, Column: x,",computation,324
59877,1171443546,tg-c401,DEV,+BEGIN HARDWARE ERROR STATE AT CPE,computation,324
59878,1171443546,tg-c401,DEV,+Platform PCI Component Error Info Section,computation,324
59879,1171443546,tg-c401,DEV,+Platform Specific Error Info Section,computation,324
59880,1171443546,tg-c401,DEV,"Component Info: Vendor Id =x x, Device Id =x x, Class Code =x x, Seg Bus Dev Func =x x x x x",computation,324
59881,1171443546,tg-c401,DEV,"Component Info: Vendor Id =x x, Device Id =x x, Class Code =x x, Seg Bus Dev Func =x x x x x",computation,324
59882,1171443546,tg-c401,DEV,"Component Info: Vendor Id =x x, Device Id =x x, Class Code =x x, Seg Bus Dev Func =x x x x x",computation,324
59883,1171443546,tg-c401,DEV,"Component Info: Vendor Id =x x, Device Id =x x, Class Code =x x, Seg Bus Dev Func =x x x x x",computation,324
59884,1171443546,tg-c401,DEV,+ Platform Specific Error Detail:,computation,324
59885,1171443546,tg-c401,MEM,"Physical Address x, Address Mask: x, Node: x, Card: x, Module: x, Bank: x, Device: x, Row: x, Column: x,",computation,324
59886,1171443546,tg-c401,MEM,"Physical Address x, Address Mask: x, Node: x, Card: x, Module: x, Bank: x, Device: x, Row: x, Column: x,",computation,324
59887,1171443550,tg-c401,DEV,+BEGIN HARDWARE ERROR STATE AT CPE,computation,324
59888,1171443550,tg-c401,DEV,+Platform PCI Component Error Info Section,computation,324
59889,1171443550,tg-c401,DEV,"Component Info: Vendor Id =x x, Device Id =x x, Class Code =x x, Seg Bus Dev Func =x x x x x",computation,324
59890,1171443551,tg-c401,DEV,+Platform PCI Component Error Info Section,computation,324
59891,1171443551,tg-c401,DEV,+Platform Specific Error Info Section,computation,324
59892,1171443551,tg-c401,DEV,"Component Info: Vendor Id =x x, Device Id =x x, Class Code =x x, Seg Bus Dev Func =x x x x x",computation,324
59893,1171443551,tg-c401,DEV,"Component Info: Vendor Id =x x, Device Id =x x, Class Code =x x, Seg Bus Dev Func =x x x x x",computation,324
59894,1171443551,tg-c401,DEV,"Component Info: Vendor Id =x x, Device Id =x x, Class Code =x x, Seg Bus Dev Func =x x x x x",computation,324
59895,1171443551,tg-c401,DEV,+ Platform Specific Error Detail:,computation,324
59896,1171443551,tg-c401,MEM,"Physical Address x, Address Mask: x, Node: x, Card: x, Module: x, Bank: x, Device: x, Row: x, Column: x,",computation,324
59897,1171443551,tg-c401,MEM,"Physical Address x, Address Mask: x, Node: x, Card: x, Module: x, Bank: x, Device: x, Row: x, Column: x,",computation,324
59898,1171443581,tg-c401,DEV,+BEGIN HARDWARE ERROR STATE AT CPE,computation,324
59899,1171443582,tg-c401,DEV,+END HARDWARE ERROR STATE AT CPE,computation,324
59900,1171443582,tg-c401,DEV,+Platform PCI Component Error Info Section,computation,324
59901,1171443582,tg-c401,DEV,+Platform Specific Error Info Section,computation,324
59902,1171443582,tg-c401,DEV,"Component Info: Vendor Id =x x, Device Id =x x, Class Code =x x, Seg Bus Dev Func =x x x x x",computation,324
59903,1171443582,tg-c401,DEV,"Component Info: Vendor Id =x x, Device Id =x x, Class Code =x x, Seg Bus Dev Func =x x x x x",computation,324
59904,1171443582,tg-c401,DEV,"Component Info: Vendor Id =x x, Device Id =x x, Class Code =x x, Seg Bus Dev Func =x x x x x",computation,324
59905,1171443582,tg-c401,DEV,"Component Info: Vendor Id =x x, Device Id =x x, Class Code =x x, Seg Bus Dev Func =x x x x x",computation,324
59906,1171443582,tg-c401,DEV,+ Platform Specific Error Detail:,computation,324
59907,1171443582,tg-c401,MEM,"Physical Address x, Address Mask: x, Node: x, Card: x, Module: x, Bank: x, Device: x, Row: x, Column: x,",computation,324
59908,1171443582,tg-c401,MEM,"Physical Address x, Address Mask: x, Node: x, Card: x, Module: x, Bank: x, Device: x, Row: x, Column: x,",computation,324
59909,1171443587,tg-c401,DEV,+BEGIN HARDWARE ERROR STATE AT CPE,computation,324
59910,1171443587,tg-c401,DEV,+END HARDWARE ERROR STATE AT CPE,computation,324
59911,1171443587,tg-c401,DEV,+Platform PCI Component Error Info Section,computation,324
59912,1171443587,tg-c401,DEV,+Platform Specific Error Info Section,computation,324
59913,1171443587,tg-c401,DEV,"Component Info: Vendor Id =x x, Device Id =x x, Class Code =x x, Seg Bus Dev Func =x x x x x",computation,324
59914,1171443587,tg-c401,DEV,"Component Info: Vendor Id =x x, Device Id =x x, Class Code =x x, Seg Bus Dev Func =x x x x x",computation,324
59915,1171443587,tg-c401,DEV,"Component Info: Vendor Id =x x, Device Id =x x, Class Code =x x, Seg Bus Dev Func =x x x x x",computation,324
59916,1171443587,tg-c401,DEV,"Component Info: Vendor Id =x x, Device Id =x x, Class Code =x x, Seg Bus Dev Func =x x x x x",computation,324
59917,1171443587,tg-c401,DEV,+ Platform Specific Error Detail:,computation,324
59918,1171443587,tg-c401,MEM,"Physical Address x, Address Mask: x, Node: x, Card: x, Module: x, Bank: x, Device: x, Row: x, Column: x,",computation,324
59919,1171443587,tg-c401,MEM,"Physical Address x, Address Mask: x, Node: x, Card: x, Module: x, Bank: x, Device: x, Row: x, Column: x,",computation,324
59920,1171443598,tg-c401,DEV,+BEGIN HARDWARE ERROR STATE AT CPE,computation,324
59921,1171443598,tg-c401,DEV,+Platform PCI Component Error Info Section,computation,324
59922,1171443598,tg-c401,DEV,+Platform Specific Error Info Section,computation,324
59923,1171443598,tg-c401,DEV,"Component Info: Vendor Id =x x, Device Id =x x, Class Code =x x, Seg Bus Dev Func =x x x x x",computation,324
59924,1171443598,tg-c401,DEV,"Component Info: Vendor Id =x x, Device Id =x x, Class Code =x x, Seg Bus Dev Func =x x x x x",computation,324
59925,1171443598,tg-c401,DEV,"Component Info: Vendor Id =x x, Device Id =x x, Class Code =x x, Seg Bus Dev Func =x x x x x",computation,324
59926,1171443598,tg-c401,DEV,"Component Info: Vendor Id =x x, Device Id =x x, Class Code =x x, Seg Bus Dev Func =x x x x x",computation,324
59927,1171443598,tg-c401,DEV,+ Platform Specific Error Detail:,computation,324
59928,1171443598,tg-c401,MEM,"Physical Address x, Address Mask: x, Node: x, Card: x, Module: x, Bank: x, Device: x, Row: x, Column: x,",computation,324
59929,1171443598,tg-c401,MEM,"Physical Address x, Address Mask: x, Node: x, Card: x, Module: x, Bank: x, Device: x, Row: x, Column: x,",computation,324
59930,1171443606,tg-c401,DEV,+BEGIN HARDWARE ERROR STATE AT CPE,computation,324
59931,1171443606,tg-c401,DEV,+Platform PCI Component Error Info Section,computation,324
59932,1171443606,tg-c401,DEV,"Component Info: Vendor Id =x x, Device Id =x x, Class Code =x x, Seg Bus Dev Func =x x x x x",computation,324
59933,1171443606,tg-c401,DEV,"Component Info: Vendor Id =x x, Device Id =x x, Class Code =x x, Seg Bus Dev Func =x x x x x",computation,324
59934,1171443607,tg-c401,DEV,+END HARDWARE ERROR STATE AT CPE,computation,324
59935,1171443607,tg-c401,DEV,+Platform Specific Error Info Section,computation,324
59936,1171443607,tg-c401,DEV,"Component Info: Vendor Id =x x, Device Id =x x, Class Code =x x, Seg Bus Dev Func =x x x x x",computation,324
59937,1171443607,tg-c401,DEV,+ Platform Specific Error Detail:,computation,324
59938,1171443607,tg-c401,MEM,"Physical Address x, Address Mask: x, Node: x, Card: x, Module: x, Bank: x, Device: x, Row: x, Column: x,",computation,324
59939,1171443607,tg-c401,MEM,"Physical Address x, Address Mask: x, Node: x, Card: x, Module: x, Bank: x, Device: x, Row: x, Column: x,",computation,324
59940,1171443631,tg-c401,DEV,+BEGIN HARDWARE ERROR STATE AT CPE,computation,324
59941,1171443631,tg-c401,DEV,+Platform PCI Component Error Info Section,computation,324
59942,1171443631,tg-c401,DEV,"Component Info: Vendor Id =x x, Device Id =x x, Class Code =x x, Seg Bus Dev Func =x x x x x",computation,324
59943,1171443641,tg-c401,DEV,+BEGIN HARDWARE ERROR STATE AT CPE,computation,324
59944,1171443641,tg-c401,DEV,+Platform PCI Component Error Info Section,computation,324
59945,1171443641,tg-c401,DEV,"Component Info: Vendor Id =x x, Device Id =x x, Class Code =x x, Seg Bus Dev Func =x x x x x",computation,324
59946,1171443641,tg-c401,DEV,"Component Info: Vendor Id =x x, Device Id =x x, Class Code =x x, Seg Bus Dev Func =x x x x x",computation,324
59947,1171443641,tg-c401,MEM,"Physical Address x, Address Mask: x, Node: x, Card: x, Module: x, Bank: x, Device: x, Row: x, Column: x,",computation,324
59948,1171443641,tg-c401,MEM,"Physical Address x, Address Mask: x, Node: x, Card: x, Module: x, Bank: x, Device: x, Row: x, Column: x,",computation,324
59949,1171443647,tg-c401,DEV,+BEGIN HARDWARE ERROR STATE AT CPE,computation,324
59950,1171443647,tg-c401,DEV,+END HARDWARE ERROR STATE AT CPE,computation,324
59951,1171443647,tg-c401,DEV,+Platform PCI Component Error Info Section,computation,324
59952,1171443647,tg-c401,DEV,+Platform Specific Error Info Section,computation,324
59953,1171443647,tg-c401,DEV,"Component Info: Vendor Id =x x, Device Id =x x, Class Code =x x, Seg Bus Dev Func =x x x x x",computation,324
59954,1171443647,tg-c401,DEV,"Component Info: Vendor Id =x x, Device Id =x x, Class Code =x x, Seg Bus Dev Func =x x x x x",computation,324
59955,1171443647,tg-c401,DEV,"Component Info: Vendor Id =x x, Device Id =x x, Class Code =x x, Seg Bus Dev Func =x x x x x",computation,324
59956,1171443647,tg-c401,DEV,"Component Info: Vendor Id =x x, Device Id =x x, Class Code =x x, Seg Bus Dev Func =x x x x x",computation,324
59957,1171443647,tg-c401,DEV,+ Platform Specific Error Detail:,computation,324
59958,1171443647,tg-c401,MEM,"Physical Address x, Address Mask: x, Node: x, Card: x, Module: x, Bank: x, Device: x, Row: x, Column: x,",computation,324
59959,1171443647,tg-c401,MEM,"Physical Address x, Address Mask: x, Node: x, Card: x, Module: x, Bank: x, Device: x, Row: x, Column: x,",computation,324
59960,1171443653,tg-c401,DEV,+BEGIN HARDWARE ERROR STATE AT CPE,computation,324
59961,1171443653,tg-c401,DEV,+Platform PCI Component Error Info Section,computation,324
59962,1171443653,tg-c401,DEV,"Component Info: Vendor Id =x x, Device Id =x x, Class Code =x x, Seg Bus Dev Func =x x x x x",computation,324
59963,1171443653,tg-c401,DEV,"Component Info: Vendor Id =x x, Device Id =x x, Class Code =x x, Seg Bus Dev Func =x x x x x",computation,324
59964,1171443653,tg-c401,DEV,"Component Info: Vendor Id =x x, Device Id =x x, Class Code =x x, Seg Bus Dev Func =x x x x x",computation,324
59965,1171443653,tg-c401,MEM,"Physical Address x, Address Mask: x, Node: x, Card: x, Module: x, Bank: x, Device: x, Row: x, Column: x,",computation,324
59966,1171443653,tg-c401,MEM,"Physical Address x, Address Mask: x, Node: x, Card: x, Module: x, Bank: x, Device: x, Row: x, Column: x,",computation,324
59967,1171443664,tg-c401,DEV,+BEGIN HARDWARE ERROR STATE AT CPE,computation,324
59968,1171443664,tg-c401,DEV,+Platform PCI Component Error Info Section,computation,324
59969,1171443664,tg-c401,DEV,"Component Info: Vendor Id =x x, Device Id =x x, Class Code =x x, Seg Bus Dev Func =x x x x x",computation,324
59970,1171443680,tg-c401,DEV,+BEGIN HARDWARE ERROR STATE AT CPE,computation,324
59971,1171443681,tg-c401,DEV,+Platform Specific Error Info Section,computation,324
59972,1171443681,tg-c401,DEV,"Component Info: Vendor Id =x x, Device Id =x x, Class Code =x x, Seg Bus Dev Func =x x x x x",computation,324
59973,1171443681,tg-c401,DEV,+ Platform Specific Error Detail:,computation,324
59974,1171443681,tg-c401,MEM,"Physical Address x, Address Mask: x, Node: x, Card: x, Module: x, Bank: x, Device: x, Row: x, Column: x,",computation,324
59975,1171443681,tg-c401,MEM,"Physical Address x, Address Mask: x, Node: x, Card: x, Module: x, Bank: x, Device: x, Row: x, Column: x,",computation,324
59976,1171443685,tg-c401,DEV,+BEGIN HARDWARE ERROR STATE AT CPE,computation,324
59977,1171443685,tg-c401,DEV,+END HARDWARE ERROR STATE AT CPE,computation,324
59978,1171443685,tg-c401,DEV,+Platform PCI Component Error Info Section,computation,324
59979,1171443685,tg-c401,DEV,+Platform Specific Error Info Section,computation,324
59980,1171443685,tg-c401,DEV,"Component Info: Vendor Id =x x, Device Id =x x, Class Code =x x, Seg Bus Dev Func =x x x x x",computation,324
59981,1171443685,tg-c401,DEV,"Component Info: Vendor Id =x x, Device Id =x x, Class Code =x x, Seg Bus Dev Func =x x x x x",computation,324
59982,1171443685,tg-c401,DEV,"Component Info: Vendor Id =x x, Device Id =x x, Class Code =x x, Seg Bus Dev Func =x x x x x",computation,324
59983,1171443685,tg-c401,DEV,"Component Info: Vendor Id =x x, Device Id =x x, Class Code =x x, Seg Bus Dev Func =x x x x x",computation,324
59984,1171443685,tg-c401,DEV,+ Platform Specific Error Detail:,computation,324
59985,1171443685,tg-c401,MEM,"Physical Address x, Address Mask: x, Node: x, Card: x, Module: x, Bank: x, Device: x, Row: x, Column: x,",computation,324
59986,1171443685,tg-c401,MEM,"Physical Address x, Address Mask: x, Node: x, Card: x, Module: x, Bank: x, Device: x, Row: x, Column: x,",computation,324
59987,1171443686,tg-c401,DEV,+BEGIN HARDWARE ERROR STATE AT CPE,computation,324
59988,1171443686,tg-c401,DEV,+Platform PCI Component Error Info Section,computation,324
59989,1171443686,tg-c401,DEV,"Component Info: Vendor Id =x x, Device Id =x x, Class Code =x x, Seg Bus Dev Func =x x x x x",computation,324
59990,1171443686,tg-c401,DEV,"Component Info: Vendor Id =x x, Device Id =x x, Class Code =x x, Seg Bus Dev Func =x x x x x",computation,324
59991,1171443687,tg-c401,DEV,"Component Info: Vendor Id =x x, Device Id =x x, Class Code =x x, Seg Bus Dev Func =x x x x x",computation,324
59992,1171443687,tg-c401,DEV,"Component Info: Vendor Id =x x, Device Id =x x, Class Code =x x, Seg Bus Dev Func =x x x x x",computation,324
59993,1171443691,tg-c401,DEV,+BEGIN HARDWARE ERROR STATE AT CPE,computation,324
59994,1171443691,tg-c401,DEV,+Platform PCI Component Error Info Section,computation,324
59995,1171443691,tg-c401,DEV,"Component Info: Vendor Id =x x, Device Id =x x, Class Code =x x, Seg Bus Dev Func =x x x x x",computation,324
59996,1171443691,tg-c401,DEV,"Component Info: Vendor Id =x x, Device Id =x x, Class Code =x x, Seg Bus Dev Func =x x x x x",computation,324
59997,1171443692,tg-c401,DEV,"Component Info: Vendor Id =x x, Device Id =x x, Class Code =x x, Seg Bus Dev Func =x x x x x",computation,324
59998,1171443692,tg-c401,MEM,"Physical Address x, Address Mask: x, Node: x, Card: x, Module: x, Bank: x, Device: x, Row: x, Column: x,",computation,324
59999,1171443692,tg-c401,MEM,"Physical Address x, Address Mask: x, Node: x, Card: x, Module: x, Bank: x, Device: x, Row: x, Column: x,",computation,324
60000,1171443698,tg-c401,DEV,+BEGIN HARDWARE ERROR STATE AT CPE,computation,324
60001,1171443699,tg-c401,DEV,+Platform PCI Component Error Info Section,computation,324
60002,1171443699,tg-c401,DEV,"Component Info: Vendor Id =x x, Device Id =x x, Class Code =x x, Seg Bus Dev Func =x x x x x",computation,324
60003,1171443699,tg-c401,MEM,"Physical Address x, Address Mask: x, Node: x, Card: x, Module: x, Bank: x, Device: x, Row: x, Column: x,",computation,324
60004,1171443699,tg-c401,MEM,"Physical Address x, Address Mask: x, Node: x, Card: x, Module: x, Bank: x, Device: x, Row: x, Column: x,",computation,324
60005,1171443702,tg-c401,DEV,+BEGIN HARDWARE ERROR STATE AT CPE,computation,324
60006,1171443703,tg-c401,DEV,+Platform PCI Component Error Info Section,computation,324
60007,1171443703,tg-c401,DEV,"Component Info: Vendor Id =x x, Device Id =x x, Class Code =x x, Seg Bus Dev Func =x x x x x",computation,324
60008,1171443703,tg-c401,DEV,"Component Info: Vendor Id =x x, Device Id =x x, Class Code =x x, Seg Bus Dev Func =x x x x x",computation,324
60009,1171443703,tg-c401,DEV,"Component Info: Vendor Id =x x, Device Id =x x, Class Code =x x, Seg Bus Dev Func =x x x x x",computation,324
60010,1171443704,tg-c401,MEM,"Physical Address x, Address Mask: x, Node: x, Card: x, Module: x, Bank: x, Device: x, Row: x, Column: x,",computation,324
60011,1171443704,tg-c401,MEM,"Physical Address x, Address Mask: x, Node: x, Card: x, Module: x, Bank: x, Device: x, Row: x, Column: x,",computation,324
60012,1171443726,tg-c401,DEV,+BEGIN HARDWARE ERROR STATE AT CPE,computation,324
60013,1171443726,tg-c401,DEV,+Platform PCI Component Error Info Section,computation,324
60014,1171443726,tg-c401,DEV,+Platform Specific Error Info Section,computation,324
60015,1171443726,tg-c401,DEV,"Component Info: Vendor Id =x x, Device Id =x x, Class Code =x x, Seg Bus Dev Func =x x x x x",computation,324
60016,1171443726,tg-c401,DEV,"Component Info: Vendor Id =x x, Device Id =x x, Class Code =x x, Seg Bus Dev Func =x x x x x",computation,324
60017,1171443726,tg-c401,DEV,+ Platform Specific Error Detail:,computation,324
60018,1171443726,tg-c401,MEM,"Physical Address x, Address Mask: x, Node: x, Card: x, Module: x, Bank: x, Device: x, Row: x, Column: x,",computation,324
60019,1171443726,tg-c401,MEM,"Physical Address x, Address Mask: x, Node: x, Card: x, Module: x, Bank: x, Device: x, Row: x, Column: x,",computation,324
60020,1171443737,tg-c401,DEV,+BEGIN HARDWARE ERROR STATE AT CPE,computation,324
60021,1171443738,tg-c401,DEV,+Platform PCI Component Error Info Section,computation,324
60022,1171443738,tg-c401,DEV,"Component Info: Vendor Id =x x, Device Id =x x, Class Code =x x, Seg Bus Dev Func =x x x x x",computation,324
60023,1171443738,tg-c401,DEV,"Component Info: Vendor Id =x x, Device Id =x x, Class Code =x x, Seg Bus Dev Func =x x x x x",computation,324
60024,1171443742,tg-c401,DEV,+BEGIN HARDWARE ERROR STATE AT CPE,computation,324
60025,1171443742,tg-c401,DEV,+Platform PCI Component Error Info Section,computation,324
60026,1171443742,tg-c401,DEV,"Component Info: Vendor Id =x x, Device Id =x x, Class Code =x x, Seg Bus Dev Func =x x x x x",computation,324
60027,1171443743,tg-c401,DEV,"Component Info: Vendor Id =x x, Device Id =x x, Class Code =x x, Seg Bus Dev Func =x x x x x",computation,324
60028,1171443747,tg-c401,DEV,+BEGIN HARDWARE ERROR STATE AT CPE,computation,324
60029,1171443747,tg-c401,DEV,+Platform PCI Component Error Info Section,computation,324
60030,1171443747,tg-c401,DEV,"Component Info: Vendor Id =x x, Device Id =x x, Class Code =x x, Seg Bus Dev Func =x x x x x",computation,324
60031,1171443748,tg-c401,DEV,+BEGIN HARDWARE ERROR STATE AT CPE,computation,324
60032,1171443748,tg-c401,DEV,+END HARDWARE ERROR STATE AT CPE,computation,324
60033,1171443748,tg-c401,DEV,+Platform PCI Component Error Info Section,computation,324
60034,1171443748,tg-c401,DEV,+Platform Specific Error Info Section,computation,324
60035,1171443748,tg-c401,DEV,"Component Info: Vendor Id =x x, Device Id =x x, Class Code =x x, Seg Bus Dev Func =x x x x x",computation,324
60036,1171443748,tg-c401,DEV,"Component Info: Vendor Id =x x, Device Id =x x, Class Code =x x, Seg Bus Dev Func =x x x x x",computation,324
60037,1171443748,tg-c401,DEV,"Component Info: Vendor Id =x x, Device Id =x x, Class Code =x x, Seg Bus Dev Func =x x x x x",computation,324
60038,1171443748,tg-c401,DEV,+ Platform Specific Error Detail:,computation,324
60039,1171443748,tg-c401,MEM,"Physical Address x, Address Mask: x, Node: x, Card: x, Module: x, Bank: x, Device: x, Row: x, Column: x,",computation,324
60040,1171443748,tg-c401,MEM,"Physical Address x, Address Mask: x, Node: x, Card: x, Module: x, Bank: x, Device: x, Row: x, Column: x,",computation,324
60041,1171443759,tg-c401,DEV,+BEGIN HARDWARE ERROR STATE AT CPE,computation,324
60042,1171443759,tg-c401,DEV,+Platform PCI Component Error Info Section,computation,324
60043,1171443759,tg-c401,DEV,+Platform Specific Error Info Section,computation,324
60044,1171443759,tg-c401,DEV,"Component Info: Vendor Id =x x, Device Id =x x, Class Code =x x, Seg Bus Dev Func =x x x x x",computation,324
60045,1171443759,tg-c401,DEV,"Component Info: Vendor Id =x x, Device Id =x x, Class Code =x x, Seg Bus Dev Func =x x x x x",computation,324
60046,1171443759,tg-c401,DEV,"Component Info: Vendor Id =x x, Device Id =x x, Class Code =x x, Seg Bus Dev Func =x x x x x",computation,324
60047,1171443759,tg-c401,DEV,"Component Info: Vendor Id =x x, Device Id =x x, Class Code =x x, Seg Bus Dev Func =x x x x x",computation,324
60048,1171443759,tg-c401,DEV,+ Platform Specific Error Detail:,computation,324
60049,1171443759,tg-c401,MEM,"Physical Address x, Address Mask: x, Node: x, Card: x, Module: x, Bank: x, Device: x, Row: x, Column: x,",computation,324
60050,1171443759,tg-c401,MEM,"Physical Address x, Address Mask: x, Node: x, Card: x, Module: x, Bank: x, Device: x, Row: x, Column: x,",computation,324
60051,1171443817,tg-c401,DEV,+BEGIN HARDWARE ERROR STATE AT CPE,computation,324
60052,1171443817,tg-c401,DEV,+END HARDWARE ERROR STATE AT CPE,computation,324
60053,1171443817,tg-c401,DEV,+Platform PCI Component Error Info Section,computation,324
60054,1171443817,tg-c401,DEV,+Platform Specific Error Info Section,computation,324
60055,1171443817,tg-c401,DEV,"Component Info: Vendor Id =x x, Device Id =x x, Class Code =x x, Seg Bus Dev Func =x x x x x",computation,324
60056,1171443817,tg-c401,DEV,"Component Info: Vendor Id =x x, Device Id =x x, Class Code =x x, Seg Bus Dev Func =x x x x x",computation,324
60057,1171443817,tg-c401,DEV,"Component Info: Vendor Id =x x, Device Id =x x, Class Code =x x, Seg Bus Dev Func =x x x x x",computation,324
60058,1171443817,tg-c401,DEV,"Component Info: Vendor Id =x x, Device Id =x x, Class Code =x x, Seg Bus Dev Func =x x x x x",computation,324
60059,1171443817,tg-c401,DEV,+ Platform Specific Error Detail:,computation,324
60060,1171443817,tg-c401,MEM,"Physical Address x, Address Mask: x, Node: x, Card: x, Module: x, Bank: x, Device: x, Row: x, Column: x,",computation,324
60061,1171443817,tg-c401,MEM,"Physical Address x, Address Mask: x, Node: x, Card: x, Module: x, Bank: x, Device: x, Row: x, Column: x,",computation,324
60062,1171443822,tg-c401,DEV,+BEGIN HARDWARE ERROR STATE AT CPE,computation,324
60063,1171443822,tg-c401,DEV,+END HARDWARE ERROR STATE AT CPE,computation,324
60064,1171443822,tg-c401,DEV,+Platform PCI Component Error Info Section,computation,324
60065,1171443822,tg-c401,DEV,+Platform Specific Error Info Section,computation,324
60066,1171443822,tg-c401,DEV,"Component Info: Vendor Id =x x, Device Id =x x, Class Code =x x, Seg Bus Dev Func =x x x x x",computation,324
60067,1171443822,tg-c401,DEV,"Component Info: Vendor Id =x x, Device Id =x x, Class Code =x x, Seg Bus Dev Func =x x x x x",computation,324
60068,1171443822,tg-c401,DEV,"Component Info: Vendor Id =x x, Device Id =x x, Class Code =x x, Seg Bus Dev Func =x x x x x",computation,324
60069,1171443822,tg-c401,DEV,"Component Info: Vendor Id =x x, Device Id =x x, Class Code =x x, Seg Bus Dev Func =x x x x x",computation,324
60070,1171443822,tg-c401,DEV,+ Platform Specific Error Detail:,computation,324
60071,1171443822,tg-c401,MEM,"Physical Address x, Address Mask: x, Node: x, Card: x, Module: x, Bank: x, Device: x, Row: x, Column: x,",computation,324
60072,1171443822,tg-c401,MEM,"Physical Address x, Address Mask: x, Node: x, Card: x, Module: x, Bank: x, Device: x, Row: x, Column: x,",computation,324
60073,1171443823,tg-c401,DEV,+BEGIN HARDWARE ERROR STATE AT CPE,computation,324
60074,1171443823,tg-c401,DEV,+END HARDWARE ERROR STATE AT CPE,computation,324
60075,1171443823,tg-c401,DEV,+Platform PCI Component Error Info Section,computation,324
60076,1171443823,tg-c401,DEV,+Platform Specific Error Info Section,computation,324
60077,1171443823,tg-c401,DEV,"Component Info: Vendor Id =x x, Device Id =x x, Class Code =x x, Seg Bus Dev Func =x x x x x",computation,324
60078,1171443823,tg-c401,DEV,"Component Info: Vendor Id =x x, Device Id =x x, Class Code =x x, Seg Bus Dev Func =x x x x x",computation,324
60079,1171443823,tg-c401,DEV,"Component Info: Vendor Id =x x, Device Id =x x, Class Code =x x, Seg Bus Dev Func =x x x x x",computation,324
60080,1171443823,tg-c401,DEV,"Component Info: Vendor Id =x x, Device Id =x x, Class Code =x x, Seg Bus Dev Func =x x x x x",computation,324
60081,1171443823,tg-c401,DEV,+ Platform Specific Error Detail:,computation,324
60082,1171443823,tg-c401,MEM,"Physical Address x, Address Mask: x, Node: x, Card: x, Module: x, Bank: x, Device: x, Row: x, Column: x,",computation,324
60083,1171443823,tg-c401,MEM,"Physical Address x, Address Mask: x, Node: x, Card: x, Module: x, Bank: x, Device: x, Row: x, Column: x,",computation,324
60084,1171443844,tg-c401,DEV,+BEGIN HARDWARE ERROR STATE AT CPE,computation,324
60085,1171443844,tg-c401,DEV,+END HARDWARE ERROR STATE AT CPE,computation,324
60086,1171443844,tg-c401,DEV,+Platform PCI Component Error Info Section,computation,324
60087,1171443844,tg-c401,DEV,+Platform Specific Error Info Section,computation,324
60088,1171443844,tg-c401,DEV,"Component Info: Vendor Id =x x, Device Id =x x, Class Code =x x, Seg Bus Dev Func =x x x x x",computation,324
60089,1171443844,tg-c401,DEV,"Component Info: Vendor Id =x x, Device Id =x x, Class Code =x x, Seg Bus Dev Func =x x x x x",computation,324
60090,1171443844,tg-c401,DEV,"Component Info: Vendor Id =x x, Device Id =x x, Class Code =x x, Seg Bus Dev Func =x x x x x",computation,324
60091,1171443844,tg-c401,DEV,"Component Info: Vendor Id =x x, Device Id =x x, Class Code =x x, Seg Bus Dev Func =x x x x x",computation,324
60092,1171443844,tg-c401,DEV,+ Platform Specific Error Detail:,computation,324
60093,1171443844,tg-c401,MEM,"Physical Address x, Address Mask: x, Node: x, Card: x, Module: x, Bank: x, Device: x, Row: x, Column: x,",computation,324
60094,1171443844,tg-c401,MEM,"Physical Address x, Address Mask: x, Node: x, Card: x, Module: x, Bank: x, Device: x, Row: x, Column: x,",computation,324
60095,1171443850,tg-c401,DEV,+BEGIN HARDWARE ERROR STATE AT CPE,computation,324
60096,1171443850,tg-c401,DEV,+END HARDWARE ERROR STATE AT CPE,computation,324
60097,1171443850,tg-c401,DEV,+Platform PCI Component Error Info Section,computation,324
60098,1171443850,tg-c401,DEV,+Platform Specific Error Info Section,computation,324
60099,1171443850,tg-c401,DEV,"Component Info: Vendor Id =x x, Device Id =x x, Class Code =x x, Seg Bus Dev Func =x x x x x",computation,324
60100,1171443850,tg-c401,DEV,"Component Info: Vendor Id =x x, Device Id =x x, Class Code =x x, Seg Bus Dev Func =x x x x x",computation,324
60101,1171443850,tg-c401,DEV,"Component Info: Vendor Id =x x, Device Id =x x, Class Code =x x, Seg Bus Dev Func =x x x x x",computation,324
60102,1171443850,tg-c401,DEV,"Component Info: Vendor Id =x x, Device Id =x x, Class Code =x x, Seg Bus Dev Func =x x x x x",computation,324
60103,1171443850,tg-c401,DEV,+ Platform Specific Error Detail:,computation,324
60104,1171443850,tg-c401,MEM,"Physical Address x, Address Mask: x, Node: x, Card: x, Module: x, Bank: x, Device: x, Row: x, Column: x,",computation,324
60105,1171443850,tg-c401,MEM,"Physical Address x, Address Mask: x, Node: x, Card: x, Module: x, Bank: x, Device: x, Row: x, Column: x,",computation,324
60106,1171443855,tg-c401,DEV,+BEGIN HARDWARE ERROR STATE AT CPE,computation,324
60107,1171443855,tg-c401,DEV,+Platform PCI Component Error Info Section,computation,324
60108,1171443855,tg-c401,DEV,"Component Info: Vendor Id =x x, Device Id =x x, Class Code =x x, Seg Bus Dev Func =x x x x x",computation,324
60109,1171443855,tg-c401,DEV,"Component Info: Vendor Id =x x, Device Id =x x, Class Code =x x, Seg Bus Dev Func =x x x x x",computation,324
60110,1171443855,tg-c401,DEV,"Component Info: Vendor Id =x x, Device Id =x x, Class Code =x x, Seg Bus Dev Func =x x x x x",computation,324
60111,1171443855,tg-c401,DEV,"Component Info: Vendor Id =x x, Device Id =x x, Class Code =x x, Seg Bus Dev Func =x x x x x",computation,324
60112,1171443855,tg-c401,DEV,+ Platform Specific Error Detail:,computation,324
60113,1171443855,tg-c401,MEM,"Physical Address x, Address Mask: x, Node: x, Card: x, Module: x, Bank: x, Device: x, Row: x, Column: x,",computation,324
60114,1171443855,tg-c401,MEM,"Physical Address x, Address Mask: x, Node: x, Card: x, Module: x, Bank: x, Device: x, Row: x, Column: x,",computation,324
60115,1171443864,tg-c401,DEV,+BEGIN HARDWARE ERROR STATE AT CPE,computation,324
60116,1171443864,tg-c401,DEV,+END HARDWARE ERROR STATE AT CPE,computation,324
60117,1171443864,tg-c401,DEV,+Platform PCI Component Error Info Section,computation,324
60118,1171443864,tg-c401,DEV,+Platform Specific Error Info Section,computation,324
60119,1171443864,tg-c401,DEV,"Component Info: Vendor Id =x x, Device Id =x x, Class Code =x x, Seg Bus Dev Func =x x x x x",computation,324
60120,1171443864,tg-c401,DEV,"Component Info: Vendor Id =x x, Device Id =x x, Class Code =x x, Seg Bus Dev Func =x x x x x",computation,324
60121,1171443864,tg-c401,DEV,"Component Info: Vendor Id =x x, Device Id =x x, Class Code =x x, Seg Bus Dev Func =x x x x x",computation,324
60122,1171443864,tg-c401,DEV,"Component Info: Vendor Id =x x, Device Id =x x, Class Code =x x, Seg Bus Dev Func =x x x x x",computation,324
60123,1171443864,tg-c401,DEV,+ Platform Specific Error Detail:,computation,324
60124,1171443864,tg-c401,MEM,"Physical Address x, Address Mask: x, Node: x, Card: x, Module: x, Bank: x, Device: x, Row: x, Column: x,",computation,324
60125,1171443864,tg-c401,MEM,"Physical Address x, Address Mask: x, Node: x, Card: x, Module: x, Bank: x, Device: x, Row: x, Column: x,",computation,324
60126,1171443871,tg-c401,DEV,+BEGIN HARDWARE ERROR STATE AT CPE,computation,324
60127,1171443871,tg-c401,DEV,+END HARDWARE ERROR STATE AT CPE,computation,324
60128,1171443871,tg-c401,DEV,+Platform PCI Component Error Info Section,computation,324
60129,1171443871,tg-c401,DEV,+Platform Specific Error Info Section,computation,324
60130,1171443871,tg-c401,DEV,"Component Info: Vendor Id =x x, Device Id =x x, Class Code =x x, Seg Bus Dev Func =x x x x x",computation,324
60131,1171443871,tg-c401,DEV,"Component Info: Vendor Id =x x, Device Id =x x, Class Code =x x, Seg Bus Dev Func =x x x x x",computation,324
60132,1171443871,tg-c401,DEV,"Component Info: Vendor Id =x x, Device Id =x x, Class Code =x x, Seg Bus Dev Func =x x x x x",computation,324
60133,1171443871,tg-c401,DEV,"Component Info: Vendor Id =x x, Device Id =x x, Class Code =x x, Seg Bus Dev Func =x x x x x",computation,324
60134,1171443871,tg-c401,DEV,+ Platform Specific Error Detail:,computation,324
60135,1171443871,tg-c401,MEM,"Physical Address x, Address Mask: x, Node: x, Card: x, Module: x, Bank: x, Device: x, Row: x, Column: x,",computation,324
60136,1171443871,tg-c401,MEM,"Physical Address x, Address Mask: x, Node: x, Card: x, Module: x, Bank: x, Device: x, Row: x, Column: x,",computation,324
60137,1171443897,tg-c401,DEV,+BEGIN HARDWARE ERROR STATE AT CPE,computation,324
60138,1171443897,tg-c401,DEV,+END HARDWARE ERROR STATE AT CPE,computation,324
60139,1171443897,tg-c401,DEV,+Platform PCI Component Error Info Section,computation,324
60140,1171443897,tg-c401,DEV,+Platform Specific Error Info Section,computation,324
60141,1171443897,tg-c401,DEV,"Component Info: Vendor Id =x x, Device Id =x x, Class Code =x x, Seg Bus Dev Func =x x x x x",computation,324
60142,1171443897,tg-c401,DEV,"Component Info: Vendor Id =x x, Device Id =x x, Class Code =x x, Seg Bus Dev Func =x x x x x",computation,324
60143,1171443897,tg-c401,DEV,"Component Info: Vendor Id =x x, Device Id =x x, Class Code =x x, Seg Bus Dev Func =x x x x x",computation,324
60144,1171443897,tg-c401,DEV,"Component Info: Vendor Id =x x, Device Id =x x, Class Code =x x, Seg Bus Dev Func =x x x x x",computation,324
60145,1171443897,tg-c401,DEV,+ Platform Specific Error Detail:,computation,324
60146,1171443897,tg-c401,MEM,"Physical Address x, Address Mask: x, Node: x, Card: x, Module: x, Bank: x, Device: x, Row: x, Column: x,",computation,324
60147,1171443897,tg-c401,MEM,"Physical Address x, Address Mask: x, Node: x, Card: x, Module: x, Bank: x, Device: x, Row: x, Column: x,",computation,324
60148,1171443908,tg-c401,DEV,+BEGIN HARDWARE ERROR STATE AT CPE,computation,324
60149,1171443908,tg-c401,DEV,+Platform PCI Component Error Info Section,computation,324
60150,1171443908,tg-c401,DEV,"Component Info: Vendor Id =x x, Device Id =x x, Class Code =x x, Seg Bus Dev Func =x x x x x",computation,324
60151,1171443908,tg-c401,DEV,"Component Info: Vendor Id =x x, Device Id =x x, Class Code =x x, Seg Bus Dev Func =x x x x x",computation,324
60152,1171443909,tg-c401,DEV,+Platform Specific Error Info Section,computation,324
60153,1171443909,tg-c401,DEV,"Component Info: Vendor Id =x x, Device Id =x x, Class Code =x x, Seg Bus Dev Func =x x x x x",computation,324
60154,1171443909,tg-c401,DEV,"Component Info: Vendor Id =x x, Device Id =x x, Class Code =x x, Seg Bus Dev Func =x x x x x",computation,324
60155,1171443909,tg-c401,DEV,+ Platform Specific Error Detail:,computation,324
60156,1171443909,tg-c401,MEM,"Physical Address x, Address Mask: x, Node: x, Card: x, Module: x, Bank: x, Device: x, Row: x, Column: x,",computation,324
60157,1171443909,tg-c401,MEM,"Physical Address x, Address Mask: x, Node: x, Card: x, Module: x, Bank: x, Device: x, Row: x, Column: x,",computation,324
60158,1171443923,tg-c401,DEV,+BEGIN HARDWARE ERROR STATE AT CPE,computation,324
60159,1171443923,tg-c401,DEV,+Platform PCI Component Error Info Section,computation,324
60160,1171443923,tg-c401,DEV,"Component Info: Vendor Id =x x, Device Id =x x, Class Code =x x, Seg Bus Dev Func =x x x x x",computation,324
60161,1171443923,tg-c401,DEV,"Component Info: Vendor Id =x x, Device Id =x x, Class Code =x x, Seg Bus Dev Func =x x x x x",computation,324
60162,1171443923,tg-c401,DEV,"Component Info: Vendor Id =x x, Device Id =x x, Class Code =x x, Seg Bus Dev Func =x x x x x",computation,324
60163,1171443923,tg-c401,DEV,"Component Info: Vendor Id =x x, Device Id =x x, Class Code =x x, Seg Bus Dev Func =x x x x x",computation,324
60164,1171443924,tg-c401,DEV,+END HARDWARE ERROR STATE AT CPE,computation,324
60165,1171443924,tg-c401,DEV,+Platform Specific Error Info Section,computation,324
60166,1171443924,tg-c401,DEV,+ Platform Specific Error Detail:,computation,324
60167,1171443924,tg-c401,MEM,"Physical Address x, Address Mask: x, Node: x, Card: x, Module: x, Bank: x, Device: x, Row: x, Column: x,",computation,324
60168,1171443924,tg-c401,MEM,"Physical Address x, Address Mask: x, Node: x, Card: x, Module: x, Bank: x, Device: x, Row: x, Column: x,",computation,324
60169,1171443956,tg-c401,DEV,+BEGIN HARDWARE ERROR STATE AT CPE,computation,324
60170,1171443956,tg-c401,DEV,+Platform PCI Component Error Info Section,computation,324
60171,1171443956,tg-c401,DEV,"Component Info: Vendor Id =x x, Device Id =x x, Class Code =x x, Seg Bus Dev Func =x x x x x",computation,324
60172,1171443957,tg-c401,DEV,+Platform PCI Component Error Info Section,computation,324
60173,1171443957,tg-c401,DEV,+Platform Specific Error Info Section,computation,324
60174,1171443957,tg-c401,DEV,"Component Info: Vendor Id =x x, Device Id =x x, Class Code =x x, Seg Bus Dev Func =x x x x x",computation,324
60175,1171443957,tg-c401,DEV,"Component Info: Vendor Id =x x, Device Id =x x, Class Code =x x, Seg Bus Dev Func =x x x x x",computation,324
60176,1171443957,tg-c401,DEV,"Component Info: Vendor Id =x x, Device Id =x x, Class Code =x x, Seg Bus Dev Func =x x x x x",computation,324
60177,1171443957,tg-c401,DEV,+ Platform Specific Error Detail:,computation,324
60178,1171443957,tg-c401,MEM,"Physical Address x, Address Mask: x, Node: x, Card: x, Module: x, Bank: x, Device: x, Row: x, Column: x,",computation,324
60179,1171443957,tg-c401,MEM,"Physical Address x, Address Mask: x, Node: x, Card: x, Module: x, Bank: x, Device: x, Row: x, Column: x,",computation,324
60180,1171444007,tg-c401,DEV,+BEGIN HARDWARE ERROR STATE AT CPE,computation,324
60181,1171444007,tg-c401,DEV,+END HARDWARE ERROR STATE AT CPE,computation,324
60182,1171444007,tg-c401,DEV,+Platform PCI Component Error Info Section,computation,324
60183,1171444007,tg-c401,DEV,+Platform Specific Error Info Section,computation,324
60184,1171444007,tg-c401,DEV,"Component Info: Vendor Id =x x, Device Id =x x, Class Code =x x, Seg Bus Dev Func =x x x x x",computation,324
60185,1171444007,tg-c401,DEV,"Component Info: Vendor Id =x x, Device Id =x x, Class Code =x x, Seg Bus Dev Func =x x x x x",computation,324
60186,1171444007,tg-c401,DEV,"Component Info: Vendor Id =x x, Device Id =x x, Class Code =x x, Seg Bus Dev Func =x x x x x",computation,324
60187,1171444007,tg-c401,DEV,"Component Info: Vendor Id =x x, Device Id =x x, Class Code =x x, Seg Bus Dev Func =x x x x x",computation,324
60188,1171444007,tg-c401,DEV,+ Platform Specific Error Detail:,computation,324
60189,1171444007,tg-c401,MEM,"Physical Address x, Address Mask: x, Node: x, Card: x, Module: x, Bank: x, Device: x, Row: x, Column: x,",computation,324
60190,1171444007,tg-c401,MEM,"Physical Address x, Address Mask: x, Node: x, Card: x, Module: x, Bank: x, Device: x, Row: x, Column: x,",computation,324
60191,1171444008,tg-c401,DEV,+BEGIN HARDWARE ERROR STATE AT CPE,computation,324
60192,1171444008,tg-c401,DEV,+Platform PCI Component Error Info Section,computation,324
60193,1171444008,tg-c401,DEV,+Platform Specific Error Info Section,computation,324
60194,1171444008,tg-c401,DEV,"Component Info: Vendor Id =x x, Device Id =x x, Class Code =x x, Seg Bus Dev Func =x x x x x",computation,324
60195,1171444008,tg-c401,DEV,"Component Info: Vendor Id =x x, Device Id =x x, Class Code =x x, Seg Bus Dev Func =x x x x x",computation,324
60196,1171444008,tg-c401,DEV,"Component Info: Vendor Id =x x, Device Id =x x, Class Code =x x, Seg Bus Dev Func =x x x x x",computation,324
60197,1171444008,tg-c401,DEV,"Component Info: Vendor Id =x x, Device Id =x x, Class Code =x x, Seg Bus Dev Func =x x x x x",computation,324
60198,1171444008,tg-c401,DEV,+ Platform Specific Error Detail:,computation,324
60199,1171444008,tg-c401,MEM,"Physical Address x, Address Mask: x, Node: x, Card: x, Module: x, Bank: x, Device: x, Row: x, Column: x,",computation,324
60200,1171444008,tg-c401,MEM,"Physical Address x, Address Mask: x, Node: x, Card: x, Module: x, Bank: x, Device: x, Row: x, Column: x,",computation,324
60201,1171444013,tg-c401,DEV,+BEGIN HARDWARE ERROR STATE AT CPE,computation,324
60202,1171444013,tg-c401,DEV,+Platform PCI Component Error Info Section,computation,324
60203,1171444013,tg-c401,DEV,+Platform Specific Error Info Section,computation,324
60204,1171444013,tg-c401,DEV,"Component Info: Vendor Id =x x, Device Id =x x, Class Code =x x, Seg Bus Dev Func =x x x x x",computation,324
60205,1171444013,tg-c401,DEV,"Component Info: Vendor Id =x x, Device Id =x x, Class Code =x x, Seg Bus Dev Func =x x x x x",computation,324
60206,1171444013,tg-c401,DEV,"Component Info: Vendor Id =x x, Device Id =x x, Class Code =x x, Seg Bus Dev Func =x x x x x",computation,324
60207,1171444013,tg-c401,DEV,+ Platform Specific Error Detail:,computation,324
60208,1171444013,tg-c401,MEM,"Physical Address x, Address Mask: x, Node: x, Card: x, Module: x, Bank: x, Device: x, Row: x, Column: x,",computation,324
60209,1171444013,tg-c401,MEM,"Physical Address x, Address Mask: x, Node: x, Card: x, Module: x, Bank: x, Device: x, Row: x, Column: x,",computation,324
60210,1171444026,tg-c401,DEV,+BEGIN HARDWARE ERROR STATE AT CPE,computation,324
60211,1171444026,tg-c401,DEV,+END HARDWARE ERROR STATE AT CPE,computation,324
60212,1171444026,tg-c401,DEV,+Platform PCI Component Error Info Section,computation,324
60213,1171444026,tg-c401,DEV,+Platform Specific Error Info Section,computation,324
60214,1171444026,tg-c401,DEV,"Component Info: Vendor Id =x x, Device Id =x x, Class Code =x x, Seg Bus Dev Func =x x x x x",computation,324
60215,1171444026,tg-c401,DEV,"Component Info: Vendor Id =x x, Device Id =x x, Class Code =x x, Seg Bus Dev Func =x x x x x",computation,324
60216,1171444026,tg-c401,DEV,"Component Info: Vendor Id =x x, Device Id =x x, Class Code =x x, Seg Bus Dev Func =x x x x x",computation,324
60217,1171444026,tg-c401,DEV,"Component Info: Vendor Id =x x, Device Id =x x, Class Code =x x, Seg Bus Dev Func =x x x x x",computation,324
60218,1171444026,tg-c401,DEV,+ Platform Specific Error Detail:,computation,324
60219,1171444026,tg-c401,MEM,"Physical Address x, Address Mask: x, Node: x, Card: x, Module: x, Bank: x, Device: x, Row: x, Column: x,",computation,324
60220,1171444026,tg-c401,MEM,"Physical Address x, Address Mask: x, Node: x, Card: x, Module: x, Bank: x, Device: x, Row: x, Column: x,",computation,324
60221,1171444027,tg-c401,DEV,+BEGIN HARDWARE ERROR STATE AT CPE,computation,324
60222,1171444027,tg-c401,DEV,+END HARDWARE ERROR STATE AT CPE,computation,324
60223,1171444027,tg-c401,DEV,+Platform PCI Component Error Info Section,computation,324
60224,1171444027,tg-c401,DEV,+Platform Specific Error Info Section,computation,324
60225,1171444027,tg-c401,DEV,"Component Info: Vendor Id =x x, Device Id =x x, Class Code =x x, Seg Bus Dev Func =x x x x x",computation,324
60226,1171444027,tg-c401,DEV,"Component Info: Vendor Id =x x, Device Id =x x, Class Code =x x, Seg Bus Dev Func =x x x x x",computation,324
60227,1171444027,tg-c401,DEV,"Component Info: Vendor Id =x x, Device Id =x x, Class Code =x x, Seg Bus Dev Func =x x x x x",computation,324
60228,1171444027,tg-c401,DEV,"Component Info: Vendor Id =x x, Device Id =x x, Class Code =x x, Seg Bus Dev Func =x x x x x",computation,324
60229,1171444027,tg-c401,DEV,+ Platform Specific Error Detail:,computation,324
60230,1171444027,tg-c401,MEM,"Physical Address x, Address Mask: x, Node: x, Card: x, Module: x, Bank: x, Device: x, Row: x, Column: x,",computation,324
60231,1171444027,tg-c401,MEM,"Physical Address x, Address Mask: x, Node: x, Card: x, Module: x, Bank: x, Device: x, Row: x, Column: x,",computation,324
60232,1171444033,tg-c401,DEV,+BEGIN HARDWARE ERROR STATE AT CPE,computation,324
60233,1171444033,tg-c401,DEV,+END HARDWARE ERROR STATE AT CPE,computation,324
60234,1171444033,tg-c401,DEV,+Platform PCI Component Error Info Section,computation,324
60235,1171444033,tg-c401,DEV,+Platform Specific Error Info Section,computation,324
60236,1171444033,tg-c401,DEV,"Component Info: Vendor Id =x x, Device Id =x x, Class Code =x x, Seg Bus Dev Func =x x x x x",computation,324
60237,1171444033,tg-c401,DEV,"Component Info: Vendor Id =x x, Device Id =x x, Class Code =x x, Seg Bus Dev Func =x x x x x",computation,324
60238,1171444033,tg-c401,DEV,"Component Info: Vendor Id =x x, Device Id =x x, Class Code =x x, Seg Bus Dev Func =x x x x x",computation,324
60239,1171444033,tg-c401,DEV,"Component Info: Vendor Id =x x, Device Id =x x, Class Code =x x, Seg Bus Dev Func =x x x x x",computation,324
60240,1171444033,tg-c401,DEV,+ Platform Specific Error Detail:,computation,324
60241,1171444033,tg-c401,MEM,"Physical Address x, Address Mask: x, Node: x, Card: x, Module: x, Bank: x, Device: x, Row: x, Column: x,",computation,324
60242,1171444033,tg-c401,MEM,"Physical Address x, Address Mask: x, Node: x, Card: x, Module: x, Bank: x, Device: x, Row: x, Column: x,",computation,324
60243,1171444034,tg-c401,DEV,+BEGIN HARDWARE ERROR STATE AT CPE,computation,324
60244,1171444034,tg-c401,DEV,+END HARDWARE ERROR STATE AT CPE,computation,324
60245,1171444034,tg-c401,DEV,+Platform PCI Component Error Info Section,computation,324
60246,1171444034,tg-c401,DEV,+Platform Specific Error Info Section,computation,324
60247,1171444034,tg-c401,DEV,"Component Info: Vendor Id =x x, Device Id =x x, Class Code =x x, Seg Bus Dev Func =x x x x x",computation,324
60248,1171444034,tg-c401,DEV,"Component Info: Vendor Id =x x, Device Id =x x, Class Code =x x, Seg Bus Dev Func =x x x x x",computation,324
60249,1171444034,tg-c401,DEV,"Component Info: Vendor Id =x x, Device Id =x x, Class Code =x x, Seg Bus Dev Func =x x x x x",computation,324
60250,1171444034,tg-c401,DEV,"Component Info: Vendor Id =x x, Device Id =x x, Class Code =x x, Seg Bus Dev Func =x x x x x",computation,324
60251,1171444034,tg-c401,DEV,+ Platform Specific Error Detail:,computation,324
60252,1171444034,tg-c401,MEM,"Physical Address x, Address Mask: x, Node: x, Card: x, Module: x, Bank: x, Device: x, Row: x, Column: x,",computation,324
60253,1171444034,tg-c401,MEM,"Physical Address x, Address Mask: x, Node: x, Card: x, Module: x, Bank: x, Device: x, Row: x, Column: x,",computation,324
60254,1171444036,tg-c401,DEV,+BEGIN HARDWARE ERROR STATE AT CPE,computation,324
60255,1171444036,tg-c401,DEV,+Platform PCI Component Error Info Section,computation,324
60256,1171444036,tg-c401,DEV,"Component Info: Vendor Id =x x, Device Id =x x, Class Code =x x, Seg Bus Dev Func =x x x x x",computation,324
60257,1171444037,tg-c401,DEV,+END HARDWARE ERROR STATE AT CPE,computation,324
60258,1171444037,tg-c401,DEV,+Platform Specific Error Info Section,computation,324
60259,1171444037,tg-c401,DEV,"Component Info: Vendor Id =x x, Device Id =x x, Class Code =x x, Seg Bus Dev Func =x x x x x",computation,324
60260,1171444037,tg-c401,DEV,"Component Info: Vendor Id =x x, Device Id =x x, Class Code =x x, Seg Bus Dev Func =x x x x x",computation,324
60261,1171444037,tg-c401,DEV,"Component Info: Vendor Id =x x, Device Id =x x, Class Code =x x, Seg Bus Dev Func =x x x x x",computation,324
60262,1171444037,tg-c401,DEV,+ Platform Specific Error Detail:,computation,324
60263,1171444037,tg-c401,MEM,"Physical Address x, Address Mask: x, Node: x, Card: x, Module: x, Bank: x, Device: x, Row: x, Column: x,",computation,324
60264,1171444037,tg-c401,MEM,"Physical Address x, Address Mask: x, Node: x, Card: x, Module: x, Bank: x, Device: x, Row: x, Column: x,",computation,324
60265,1171444039,tg-c106,DEV,+BEGIN HARDWARE ERROR STATE AT CPE,computation,324
60266,1171444039,tg-c106,DEV,+Platform PCI Component Error Info Section,computation,324
60267,1171444043,tg-c401,DEV,+BEGIN HARDWARE ERROR STATE AT CPE,computation,324
60268,1171444043,tg-c401,DEV,+END HARDWARE ERROR STATE AT CPE,computation,324
60269,1171444043,tg-c401,DEV,+Platform PCI Component Error Info Section,computation,324
60270,1171444043,tg-c401,DEV,+Platform Specific Error Info Section,computation,324
60271,1171444043,tg-c401,DEV,"Component Info: Vendor Id =x x, Device Id =x x, Class Code =x x, Seg Bus Dev Func =x x x x x",computation,324
60272,1171444043,tg-c401,DEV,"Component Info: Vendor Id =x x, Device Id =x x, Class Code =x x, Seg Bus Dev Func =x x x x x",computation,324
60273,1171444043,tg-c401,DEV,"Component Info: Vendor Id =x x, Device Id =x x, Class Code =x x, Seg Bus Dev Func =x x x x x",computation,324
60274,1171444043,tg-c401,DEV,"Component Info: Vendor Id =x x, Device Id =x x, Class Code =x x, Seg Bus Dev Func =x x x x x",computation,324
60275,1171444043,tg-c401,DEV,+ Platform Specific Error Detail:,computation,324
60276,1171444043,tg-c401,MEM,"Physical Address x, Address Mask: x, Node: x, Card: x, Module: x, Bank: x, Device: x, Row: x, Column: x,",computation,324
60277,1171444043,tg-c401,MEM,"Physical Address x, Address Mask: x, Node: x, Card: x, Module: x, Bank: x, Device: x, Row: x, Column: x,",computation,324
60278,1171444063,tg-c401,DEV,+BEGIN HARDWARE ERROR STATE AT CPE,computation,324
60279,1171444063,tg-c401,DEV,+END HARDWARE ERROR STATE AT CPE,computation,324
60280,1171444063,tg-c401,DEV,+Platform PCI Component Error Info Section,computation,324
60281,1171444063,tg-c401,DEV,+Platform Specific Error Info Section,computation,324
60282,1171444063,tg-c401,DEV,"Component Info: Vendor Id =x x, Device Id =x x, Class Code =x x, Seg Bus Dev Func =x x x x x",computation,324
60283,1171444063,tg-c401,DEV,"Component Info: Vendor Id =x x, Device Id =x x, Class Code =x x, Seg Bus Dev Func =x x x x x",computation,324
60284,1171444063,tg-c401,DEV,"Component Info: Vendor Id =x x, Device Id =x x, Class Code =x x, Seg Bus Dev Func =x x x x x",computation,324
60285,1171444063,tg-c401,DEV,"Component Info: Vendor Id =x x, Device Id =x x, Class Code =x x, Seg Bus Dev Func =x x x x x",computation,324
60286,1171444063,tg-c401,DEV,+ Platform Specific Error Detail:,computation,324
60287,1171444063,tg-c401,MEM,"Physical Address x, Address Mask: x, Node: x, Card: x, Module: x, Bank: x, Device: x, Row: x, Column: x,",computation,324
60288,1171444063,tg-c401,MEM,"Physical Address x, Address Mask: x, Node: x, Card: x, Module: x, Bank: x, Device: x, Row: x, Column: x,",computation,324
60289,1171444074,tg-c401,DEV,+BEGIN HARDWARE ERROR STATE AT CPE,computation,324
60290,1171444074,tg-c401,DEV,+Platform PCI Component Error Info Section,computation,324
60291,1171444074,tg-c401,DEV,+Platform Specific Error Info Section,computation,324
60292,1171444074,tg-c401,DEV,"Component Info: Vendor Id =x x, Device Id =x x, Class Code =x x, Seg Bus Dev Func =x x x x x",computation,324
60293,1171444074,tg-c401,DEV,"Component Info: Vendor Id =x x, Device Id =x x, Class Code =x x, Seg Bus Dev Func =x x x x x",computation,324
60294,1171444074,tg-c401,DEV,"Component Info: Vendor Id =x x, Device Id =x x, Class Code =x x, Seg Bus Dev Func =x x x x x",computation,324
60295,1171444074,tg-c401,DEV,"Component Info: Vendor Id =x x, Device Id =x x, Class Code =x x, Seg Bus Dev Func =x x x x x",computation,324
60296,1171444074,tg-c401,MEM,"Physical Address x, Address Mask: x, Node: x, Card: x, Module: x, Bank: x, Device: x, Row: x, Column: x,",computation,324
60297,1171444074,tg-c401,MEM,"Physical Address x, Address Mask: x, Node: x, Card: x, Module: x, Bank: x, Device: x, Row: x, Column: x,",computation,324
60298,1171444080,tg-c401,DEV,+BEGIN HARDWARE ERROR STATE AT CPE,computation,324
60299,1171444080,tg-c401,DEV,+Platform PCI Component Error Info Section,computation,324
60300,1171444080,tg-c401,DEV,+Platform Specific Error Info Section,computation,324
60301,1171444080,tg-c401,DEV,"Component Info: Vendor Id =x x, Device Id =x x, Class Code =x x, Seg Bus Dev Func =x x x x x",computation,324
60302,1171444080,tg-c401,DEV,"Component Info: Vendor Id =x x, Device Id =x x, Class Code =x x, Seg Bus Dev Func =x x x x x",computation,324
60303,1171444080,tg-c401,DEV,"Component Info: Vendor Id =x x, Device Id =x x, Class Code =x x, Seg Bus Dev Func =x x x x x",computation,324
60304,1171444080,tg-c401,DEV,"Component Info: Vendor Id =x x, Device Id =x x, Class Code =x x, Seg Bus Dev Func =x x x x x",computation,324
60305,1171444080,tg-c401,DEV,+ Platform Specific Error Detail:,computation,324
60306,1171444080,tg-c401,MEM,"Physical Address x, Address Mask: x, Node: x, Card: x, Module: x, Bank: x, Device: x, Row: x, Column: x,",computation,324
60307,1171444080,tg-c401,MEM,"Physical Address x, Address Mask: x, Node: x, Card: x, Module: x, Bank: x, Device: x, Row: x, Column: x,",computation,324
60308,1171444085,tg-c401,DEV,+BEGIN HARDWARE ERROR STATE AT CPE,computation,324
60309,1171444085,tg-c401,DEV,+Platform PCI Component Error Info Section,computation,324
60310,1171444085,tg-c401,DEV,"Component Info: Vendor Id =x x, Device Id =x x, Class Code =x x, Seg Bus Dev Func =x x x x x",computation,324
60311,1171444085,tg-c401,DEV,"Component Info: Vendor Id =x x, Device Id =x x, Class Code =x x, Seg Bus Dev Func =x x x x x",computation,324
60312,1171444085,tg-c401,DEV,"Component Info: Vendor Id =x x, Device Id =x x, Class Code =x x, Seg Bus Dev Func =x x x x x",computation,324
60313,1171444085,tg-c401,DEV,"Component Info: Vendor Id =x x, Device Id =x x, Class Code =x x, Seg Bus Dev Func =x x x x x",computation,324
60314,1171444086,tg-c401,DEV,+Platform Specific Error Info Section,computation,324
60315,1171444086,tg-c401,DEV,+ Platform Specific Error Detail:,computation,324
60316,1171444086,tg-c401,MEM,"Physical Address x, Address Mask: x, Node: x, Card: x, Module: x, Bank: x, Device: x, Row: x, Column: x,",computation,324
60317,1171444086,tg-c401,MEM,"Physical Address x, Address Mask: x, Node: x, Card: x, Module: x, Bank: x, Device: x, Row: x, Column: x,",computation,324
60318,1171444090,tg-c401,DEV,+BEGIN HARDWARE ERROR STATE AT CPE,computation,324
60319,1171444090,tg-c401,DEV,+END HARDWARE ERROR STATE AT CPE,computation,324
60320,1171444090,tg-c401,DEV,+Platform PCI Component Error Info Section,computation,324
60321,1171444090,tg-c401,DEV,+Platform Specific Error Info Section,computation,324
60322,1171444090,tg-c401,DEV,"Component Info: Vendor Id =x x, Device Id =x x, Class Code =x x, Seg Bus Dev Func =x x x x x",computation,324
60323,1171444090,tg-c401,DEV,"Component Info: Vendor Id =x x, Device Id =x x, Class Code =x x, Seg Bus Dev Func =x x x x x",computation,324
60324,1171444090,tg-c401,DEV,"Component Info: Vendor Id =x x, Device Id =x x, Class Code =x x, Seg Bus Dev Func =x x x x x",computation,324
60325,1171444090,tg-c401,DEV,"Component Info: Vendor Id =x x, Device Id =x x, Class Code =x x, Seg Bus Dev Func =x x x x x",computation,324
60326,1171444090,tg-c401,DEV,+ Platform Specific Error Detail:,computation,324
60327,1171444090,tg-c401,MEM,"Physical Address x, Address Mask: x, Node: x, Card: x, Module: x, Bank: x, Device: x, Row: x, Column: x,",computation,324
60328,1171444090,tg-c401,MEM,"Physical Address x, Address Mask: x, Node: x, Card: x, Module: x, Bank: x, Device: x, Row: x, Column: x,",computation,324
60329,1171444108,tg-c401,DEV,+BEGIN HARDWARE ERROR STATE AT CPE,computation,324
60330,1171444108,tg-c401,DEV,+Platform PCI Component Error Info Section,computation,324
60331,1171444108,tg-c401,DEV,"Component Info: Vendor Id =x x, Device Id =x x, Class Code =x x, Seg Bus Dev Func =x x x x x",computation,324
60332,1171444108,tg-c401,DEV,"Component Info: Vendor Id =x x, Device Id =x x, Class Code =x x, Seg Bus Dev Func =x x x x x",computation,324
60333,1171444108,tg-c401,DEV,"Component Info: Vendor Id =x x, Device Id =x x, Class Code =x x, Seg Bus Dev Func =x x x x x",computation,324
60334,1171444109,tg-c401,DEV,+Platform Specific Error Info Section,computation,324
60335,1171444109,tg-c401,DEV,"Component Info: Vendor Id =x x, Device Id =x x, Class Code =x x, Seg Bus Dev Func =x x x x x",computation,324
60336,1171444109,tg-c401,DEV,+ Platform Specific Error Detail:,computation,324
60337,1171444109,tg-c401,MEM,"Physical Address x, Address Mask: x, Node: x, Card: x, Module: x, Bank: x, Device: x, Row: x, Column: x,",computation,324
60338,1171444109,tg-c401,MEM,"Physical Address x, Address Mask: x, Node: x, Card: x, Module: x, Bank: x, Device: x, Row: x, Column: x,",computation,324
60339,1171444112,tg-c401,DEV,+BEGIN HARDWARE ERROR STATE AT CPE,computation,324
60340,1171444112,tg-c401,DEV,+END HARDWARE ERROR STATE AT CPE,computation,324
60341,1171444112,tg-c401,DEV,+Platform PCI Component Error Info Section,computation,324
60342,1171444112,tg-c401,DEV,+Platform Specific Error Info Section,computation,324
60343,1171444112,tg-c401,DEV,"Component Info: Vendor Id =x x, Device Id =x x, Class Code =x x, Seg Bus Dev Func =x x x x x",computation,324
60344,1171444112,tg-c401,DEV,"Component Info: Vendor Id =x x, Device Id =x x, Class Code =x x, Seg Bus Dev Func =x x x x x",computation,324
60345,1171444112,tg-c401,DEV,"Component Info: Vendor Id =x x, Device Id =x x, Class Code =x x, Seg Bus Dev Func =x x x x x",computation,324
60346,1171444112,tg-c401,DEV,"Component Info: Vendor Id =x x, Device Id =x x, Class Code =x x, Seg Bus Dev Func =x x x x x",computation,324
60347,1171444112,tg-c401,DEV,+ Platform Specific Error Detail:,computation,324
60348,1171444112,tg-c401,MEM,"Physical Address x, Address Mask: x, Node: x, Card: x, Module: x, Bank: x, Device: x, Row: x, Column: x,",computation,324
60349,1171444112,tg-c401,MEM,"Physical Address x, Address Mask: x, Node: x, Card: x, Module: x, Bank: x, Device: x, Row: x, Column: x,",computation,324
60350,1171444120,tg-c401,DEV,+BEGIN HARDWARE ERROR STATE AT CPE,computation,324
60351,1171444120,tg-c401,DEV,+Platform PCI Component Error Info Section,computation,324
60352,1171444120,tg-c401,DEV,"Component Info: Vendor Id =x x, Device Id =x x, Class Code =x x, Seg Bus Dev Func =x x x x x",computation,324
60353,1171444120,tg-c401,DEV,"Component Info: Vendor Id =x x, Device Id =x x, Class Code =x x, Seg Bus Dev Func =x x x x x",computation,324
60354,1171444120,tg-c401,DEV,"Component Info: Vendor Id =x x, Device Id =x x, Class Code =x x, Seg Bus Dev Func =x x x x x",computation,324
60355,1171444120,tg-c401,DEV,"Component Info: Vendor Id =x x, Device Id =x x, Class Code =x x, Seg Bus Dev Func =x x x x x",computation,324
60356,1171444121,tg-c401,DEV,+END HARDWARE ERROR STATE AT CPE,computation,324
60357,1171444121,tg-c401,DEV,+Platform Specific Error Info Section,computation,324
60358,1171444121,tg-c401,DEV,+ Platform Specific Error Detail:,computation,324
60359,1171444121,tg-c401,MEM,"Physical Address x, Address Mask: x, Node: x, Card: x, Module: x, Bank: x, Device: x, Row: x, Column: x,",computation,324
60360,1171444121,tg-c401,MEM,"Physical Address x, Address Mask: x, Node: x, Card: x, Module: x, Bank: x, Device: x, Row: x, Column: x,",computation,324
60361,1171444130,tg-c401,DEV,+BEGIN HARDWARE ERROR STATE AT CPE,computation,324
60362,1171444130,tg-c401,DEV,+END HARDWARE ERROR STATE AT CPE,computation,324
60363,1171444130,tg-c401,DEV,+Platform PCI Component Error Info Section,computation,324
60364,1171444130,tg-c401,DEV,+Platform Specific Error Info Section,computation,324
60365,1171444130,tg-c401,DEV,"Component Info: Vendor Id =x x, Device Id =x x, Class Code =x x, Seg Bus Dev Func =x x x x x",computation,324
60366,1171444130,tg-c401,DEV,"Component Info: Vendor Id =x x, Device Id =x x, Class Code =x x, Seg Bus Dev Func =x x x x x",computation,324
60367,1171444130,tg-c401,DEV,"Component Info: Vendor Id =x x, Device Id =x x, Class Code =x x, Seg Bus Dev Func =x x x x x",computation,324
60368,1171444130,tg-c401,DEV,"Component Info: Vendor Id =x x, Device Id =x x, Class Code =x x, Seg Bus Dev Func =x x x x x",computation,324
60369,1171444130,tg-c401,DEV,+ Platform Specific Error Detail:,computation,324
60370,1171444130,tg-c401,MEM,"Physical Address x, Address Mask: x, Node: x, Card: x, Module: x, Bank: x, Device: x, Row: x, Column: x,",computation,324
60371,1171444130,tg-c401,MEM,"Physical Address x, Address Mask: x, Node: x, Card: x, Module: x, Bank: x, Device: x, Row: x, Column: x,",computation,324
60372,1171444135,tg-c401,DEV,+BEGIN HARDWARE ERROR STATE AT CPE,computation,324
60373,1171444135,tg-c401,DEV,+Platform PCI Component Error Info Section,computation,324
60374,1171444135,tg-c401,DEV,"Component Info: Vendor Id =x x, Device Id =x x, Class Code =x x, Seg Bus Dev Func =x x x x x",computation,324
60375,1171444136,tg-c401,DEV,+END HARDWARE ERROR STATE AT CPE,computation,324
60376,1171444136,tg-c401,DEV,+Platform PCI Component Error Info Section,computation,324
60377,1171444136,tg-c401,DEV,+Platform Specific Error Info Section,computation,324
60378,1171444136,tg-c401,DEV,"Component Info: Vendor Id =x x, Device Id =x x, Class Code =x x, Seg Bus Dev Func =x x x x x",computation,324
60379,1171444136,tg-c401,DEV,"Component Info: Vendor Id =x x, Device Id =x x, Class Code =x x, Seg Bus Dev Func =x x x x x",computation,324
60380,1171444136,tg-c401,DEV,+ Platform Specific Error Detail:,computation,324
60381,1171444136,tg-c401,MEM,"Physical Address x, Address Mask: x, Node: x, Card: x, Module: x, Bank: x, Device: x, Row: x, Column: x,",computation,324
60382,1171444136,tg-c401,MEM,"Physical Address x, Address Mask: x, Node: x, Card: x, Module: x, Bank: x, Device: x, Row: x, Column: x,",computation,324
60383,1171444151,tg-c401,DEV,+BEGIN HARDWARE ERROR STATE AT CPE,computation,324
60384,1171444151,tg-c401,DEV,+Platform PCI Component Error Info Section,computation,324
60385,1171444151,tg-c401,DEV,"Component Info: Vendor Id =x x, Device Id =x x, Class Code =x x, Seg Bus Dev Func =x x x x x",computation,324
60386,1171444152,tg-c401,DEV,+Platform PCI Component Error Info Section,computation,324
60387,1171444152,tg-c401,DEV,+Platform Specific Error Info Section,computation,324
60388,1171444152,tg-c401,DEV,"Component Info: Vendor Id =x x, Device Id =x x, Class Code =x x, Seg Bus Dev Func =x x x x x",computation,324
60389,1171444152,tg-c401,DEV,"Component Info: Vendor Id =x x, Device Id =x x, Class Code =x x, Seg Bus Dev Func =x x x x x",computation,324
60390,1171444152,tg-c401,DEV,"Component Info: Vendor Id =x x, Device Id =x x, Class Code =x x, Seg Bus Dev Func =x x x x x",computation,324
60391,1171444152,tg-c401,DEV,+ Platform Specific Error Detail:,computation,324
60392,1171444152,tg-c401,MEM,"Physical Address x, Address Mask: x, Node: x, Card: x, Module: x, Bank: x, Device: x, Row: x, Column: x,",computation,324
60393,1171444152,tg-c401,MEM,"Physical Address x, Address Mask: x, Node: x, Card: x, Module: x, Bank: x, Device: x, Row: x, Column: x,",computation,324
60394,1171444167,tg-c401,DEV,+BEGIN HARDWARE ERROR STATE AT CPE,computation,324
60395,1171444167,tg-c401,DEV,+Platform PCI Component Error Info Section,computation,324
60396,1171444167,tg-c401,DEV,"Component Info: Vendor Id =x x, Device Id =x x, Class Code =x x, Seg Bus Dev Func =x x x x x",computation,324
60397,1171444168,tg-c401,DEV,+END HARDWARE ERROR STATE AT CPE,computation,324
60398,1171444168,tg-c401,DEV,+Platform PCI Component Error Info Section,computation,324
60399,1171444168,tg-c401,DEV,+Platform Specific Error Info Section,computation,324
60400,1171444168,tg-c401,DEV,"Component Info: Vendor Id =x x, Device Id =x x, Class Code =x x, Seg Bus Dev Func =x x x x x",computation,324
60401,1171444168,tg-c401,DEV,"Component Info: Vendor Id =x x, Device Id =x x, Class Code =x x, Seg Bus Dev Func =x x x x x",computation,324
60402,1171444168,tg-c401,DEV,+ Platform Specific Error Detail:,computation,324
60403,1171444168,tg-c401,MEM,"Physical Address x, Address Mask: x, Node: x, Card: x, Module: x, Bank: x, Device: x, Row: x, Column: x,",computation,324
60404,1171444168,tg-c401,MEM,"Physical Address x, Address Mask: x, Node: x, Card: x, Module: x, Bank: x, Device: x, Row: x, Column: x,",computation,324
60405,1171444174,tg-c401,DEV,+BEGIN HARDWARE ERROR STATE AT CPE,computation,324
60406,1171444174,tg-c401,DEV,+Platform PCI Component Error Info Section,computation,324
60407,1171444174,tg-c401,DEV,+Platform Specific Error Info Section,computation,324
60408,1171444174,tg-c401,DEV,"Component Info: Vendor Id =x x, Device Id =x x, Class Code =x x, Seg Bus Dev Func =x x x x x",computation,324
60409,1171444174,tg-c401,DEV,"Component Info: Vendor Id =x x, Device Id =x x, Class Code =x x, Seg Bus Dev Func =x x x x x",computation,324
60410,1171444174,tg-c401,DEV,"Component Info: Vendor Id =x x, Device Id =x x, Class Code =x x, Seg Bus Dev Func =x x x x x",computation,324
60411,1171444174,tg-c401,DEV,"Component Info: Vendor Id =x x, Device Id =x x, Class Code =x x, Seg Bus Dev Func =x x x x x",computation,324
60412,1171444174,tg-c401,DEV,+ Platform Specific Error Detail:,computation,324
60413,1171444174,tg-c401,MEM,"Physical Address x, Address Mask: x, Node: x, Card: x, Module: x, Bank: x, Device: x, Row: x, Column: x,",computation,324
60414,1171444174,tg-c401,MEM,"Physical Address x, Address Mask: x, Node: x, Card: x, Module: x, Bank: x, Device: x, Row: x, Column: x,",computation,324
60415,1171444241,tg-c401,DEV,+BEGIN HARDWARE ERROR STATE AT CPE,computation,324
60416,1171444241,tg-c401,DEV,+Platform PCI Component Error Info Section,computation,324
60417,1171444241,tg-c401,DEV,"Component Info: Vendor Id =x x, Device Id =x x, Class Code =x x, Seg Bus Dev Func =x x x x x",computation,324
60418,1171444242,tg-c401,DEV,+Platform PCI Component Error Info Section,computation,324
60419,1171444242,tg-c401,DEV,+Platform Specific Error Info Section,computation,324
60420,1171444242,tg-c401,DEV,"Component Info: Vendor Id =x x, Device Id =x x, Class Code =x x, Seg Bus Dev Func =x x x x x",computation,324
60421,1171444242,tg-c401,DEV,"Component Info: Vendor Id =x x, Device Id =x x, Class Code =x x, Seg Bus Dev Func =x x x x x",computation,324
60422,1171444242,tg-c401,DEV,"Component Info: Vendor Id =x x, Device Id =x x, Class Code =x x, Seg Bus Dev Func =x x x x x",computation,324
60423,1171444242,tg-c401,DEV,+ Platform Specific Error Detail:,computation,324
60424,1171444242,tg-c401,MEM,"Physical Address x, Address Mask: x, Node: x, Card: x, Module: x, Bank: x, Device: x, Row: x, Column: x,",computation,324
60425,1171444242,tg-c401,MEM,"Physical Address x, Address Mask: x, Node: x, Card: x, Module: x, Bank: x, Device: x, Row: x, Column: x,",computation,324
60426,1171444247,tg-c401,DEV,+BEGIN HARDWARE ERROR STATE AT CPE,computation,324
60427,1171444247,tg-c401,DEV,+Platform PCI Component Error Info Section,computation,324
60428,1171444247,tg-c401,DEV,"Component Info: Vendor Id =x x, Device Id =x x, Class Code =x x, Seg Bus Dev Func =x x x x x",computation,324
60429,1171444247,tg-c401,DEV,"Component Info: Vendor Id =x x, Device Id =x x, Class Code =x x, Seg Bus Dev Func =x x x x x",computation,324
60430,1171444247,tg-c401,DEV,"Component Info: Vendor Id =x x, Device Id =x x, Class Code =x x, Seg Bus Dev Func =x x x x x",computation,324
60431,1171444247,tg-c401,DEV,"Component Info: Vendor Id =x x, Device Id =x x, Class Code =x x, Seg Bus Dev Func =x x x x x",computation,324
60432,1171444248,tg-c401,DEV,+Platform Specific Error Info Section,computation,324
60433,1171444248,tg-c401,DEV,+ Platform Specific Error Detail:,computation,324
60434,1171444248,tg-c401,MEM,"Physical Address x, Address Mask: x, Node: x, Card: x, Module: x, Bank: x, Device: x, Row: x, Column: x,",computation,324
60435,1171444248,tg-c401,MEM,"Physical Address x, Address Mask: x, Node: x, Card: x, Module: x, Bank: x, Device: x, Row: x, Column: x,",computation,324
60436,1171444256,tg-c401,DEV,+BEGIN HARDWARE ERROR STATE AT CPE,computation,324
60437,1171444256,tg-c401,DEV,+Platform PCI Component Error Info Section,computation,324
60438,1171444256,tg-c401,DEV,"Component Info: Vendor Id =x x, Device Id =x x, Class Code =x x, Seg Bus Dev Func =x x x x x",computation,324
60439,1171444257,tg-c401,DEV,+END HARDWARE ERROR STATE AT CPE,computation,324
60440,1171444257,tg-c401,DEV,+Platform PCI Component Error Info Section,computation,324
60441,1171444257,tg-c401,DEV,+Platform Specific Error Info Section,computation,324
60442,1171444257,tg-c401,DEV,"Component Info: Vendor Id =x x, Device Id =x x, Class Code =x x, Seg Bus Dev Func =x x x x x",computation,324
60443,1171444257,tg-c401,DEV,"Component Info: Vendor Id =x x, Device Id =x x, Class Code =x x, Seg Bus Dev Func =x x x x x",computation,324
60444,1171444257,tg-c401,DEV,"Component Info: Vendor Id =x x, Device Id =x x, Class Code =x x, Seg Bus Dev Func =x x x x x",computation,324
60445,1171444257,tg-c401,DEV,+ Platform Specific Error Detail:,computation,324
60446,1171444257,tg-c401,MEM,"Physical Address x, Address Mask: x, Node: x, Card: x, Module: x, Bank: x, Device: x, Row: x, Column: x,",computation,324
60447,1171444257,tg-c401,MEM,"Physical Address x, Address Mask: x, Node: x, Card: x, Module: x, Bank: x, Device: x, Row: x, Column: x,",computation,324
60448,1171444284,tg-c401,DEV,+BEGIN HARDWARE ERROR STATE AT CPE,computation,324
60449,1171444284,tg-c401,DEV,+Platform PCI Component Error Info Section,computation,324
60450,1171444284,tg-c401,DEV,"Component Info: Vendor Id =x x, Device Id =x x, Class Code =x x, Seg Bus Dev Func =x x x x x",computation,324
60451,1171444284,tg-c401,DEV,"Component Info: Vendor Id =x x, Device Id =x x, Class Code =x x, Seg Bus Dev Func =x x x x x",computation,324
60452,1171444284,tg-c401,DEV,"Component Info: Vendor Id =x x, Device Id =x x, Class Code =x x, Seg Bus Dev Func =x x x x x",computation,324
60453,1171444285,tg-c401,DEV,+END HARDWARE ERROR STATE AT CPE,computation,324
60454,1171444285,tg-c401,DEV,+Platform Specific Error Info Section,computation,324
60455,1171444285,tg-c401,DEV,+ Platform Specific Error Detail:,computation,324
60456,1171444285,tg-c401,MEM,"Physical Address x, Address Mask: x, Node: x, Card: x, Module: x, Bank: x, Device: x, Row: x, Column: x,",computation,324
60457,1171444285,tg-c401,MEM,"Physical Address x, Address Mask: x, Node: x, Card: x, Module: x, Bank: x, Device: x, Row: x, Column: x,",computation,324
60458,1171444300,tg-c401,DEV,+BEGIN HARDWARE ERROR STATE AT CPE,computation,324
60459,1171444300,tg-c401,DEV,+Platform PCI Component Error Info Section,computation,324
60460,1171444300,tg-c401,DEV,"Component Info: Vendor Id =x x, Device Id =x x, Class Code =x x, Seg Bus Dev Func =x x x x x",computation,324
60461,1171444300,tg-c401,DEV,"Component Info: Vendor Id =x x, Device Id =x x, Class Code =x x, Seg Bus Dev Func =x x x x x",computation,324
60462,1171444300,tg-c401,DEV,"Component Info: Vendor Id =x x, Device Id =x x, Class Code =x x, Seg Bus Dev Func =x x x x x",computation,324
60463,1171444301,tg-c401,DEV,"Component Info: Vendor Id =x x, Device Id =x x, Class Code =x x, Seg Bus Dev Func =x x x x x",computation,324
60464,1171444301,tg-c401,DEV,+ Platform Specific Error Detail:,computation,324
60465,1171444301,tg-c401,MEM,"Physical Address x, Address Mask: x, Node: x, Card: x, Module: x, Bank: x, Device: x, Row: x, Column: x,",computation,324
60466,1171444301,tg-c401,MEM,"Physical Address x, Address Mask: x, Node: x, Card: x, Module: x, Bank: x, Device: x, Row: x, Column: x,",computation,324
60467,1171444305,tg-c401,DEV,+BEGIN HARDWARE ERROR STATE AT CPE,computation,324
60468,1171444305,tg-c401,DEV,+END HARDWARE ERROR STATE AT CPE,computation,324
60469,1171444305,tg-c401,DEV,+Platform PCI Component Error Info Section,computation,324
60470,1171444305,tg-c401,DEV,+Platform Specific Error Info Section,computation,324
60471,1171444305,tg-c401,DEV,"Component Info: Vendor Id =x x, Device Id =x x, Class Code =x x, Seg Bus Dev Func =x x x x x",computation,324
60472,1171444305,tg-c401,DEV,"Component Info: Vendor Id =x x, Device Id =x x, Class Code =x x, Seg Bus Dev Func =x x x x x",computation,324
60473,1171444305,tg-c401,DEV,"Component Info: Vendor Id =x x, Device Id =x x, Class Code =x x, Seg Bus Dev Func =x x x x x",computation,324
60474,1171444305,tg-c401,DEV,"Component Info: Vendor Id =x x, Device Id =x x, Class Code =x x, Seg Bus Dev Func =x x x x x",computation,324
60475,1171444305,tg-c401,DEV,+ Platform Specific Error Detail:,computation,324
60476,1171444305,tg-c401,MEM,"Physical Address x, Address Mask: x, Node: x, Card: x, Module: x, Bank: x, Device: x, Row: x, Column: x,",computation,324
60477,1171444305,tg-c401,MEM,"Physical Address x, Address Mask: x, Node: x, Card: x, Module: x, Bank: x, Device: x, Row: x, Column: x,",computation,324
60478,1171444331,tg-c401,DEV,+BEGIN HARDWARE ERROR STATE AT CPE,computation,324
60479,1171444331,tg-c401,DEV,+END HARDWARE ERROR STATE AT CPE,computation,324
60480,1171444331,tg-c401,DEV,+Platform PCI Component Error Info Section,computation,324
60481,1171444331,tg-c401,DEV,+Platform Specific Error Info Section,computation,324
60482,1171444331,tg-c401,DEV,"Component Info: Vendor Id =x x, Device Id =x x, Class Code =x x, Seg Bus Dev Func =x x x x x",computation,324
60483,1171444331,tg-c401,DEV,"Component Info: Vendor Id =x x, Device Id =x x, Class Code =x x, Seg Bus Dev Func =x x x x x",computation,324
60484,1171444331,tg-c401,DEV,"Component Info: Vendor Id =x x, Device Id =x x, Class Code =x x, Seg Bus Dev Func =x x x x x",computation,324
60485,1171444331,tg-c401,DEV,"Component Info: Vendor Id =x x, Device Id =x x, Class Code =x x, Seg Bus Dev Func =x x x x x",computation,324
60486,1171444331,tg-c401,DEV,+ Platform Specific Error Detail:,computation,324
60487,1171444331,tg-c401,MEM,"Physical Address x, Address Mask: x, Node: x, Card: x, Module: x, Bank: x, Device: x, Row: x, Column: x,",computation,324
60488,1171444331,tg-c401,MEM,"Physical Address x, Address Mask: x, Node: x, Card: x, Module: x, Bank: x, Device: x, Row: x, Column: x,",computation,324
60489,1171444344,tg-c401,DEV,+BEGIN HARDWARE ERROR STATE AT CPE,computation,324
60490,1171444344,tg-c401,DEV,+Platform PCI Component Error Info Section,computation,324
60491,1171444344,tg-c401,DEV,"Component Info: Vendor Id =x x, Device Id =x x, Class Code =x x, Seg Bus Dev Func =x x x x x",computation,324
60492,1171444344,tg-c401,DEV,"Component Info: Vendor Id =x x, Device Id =x x, Class Code =x x, Seg Bus Dev Func =x x x x x",computation,324
60493,1171444345,tg-c401,DEV,+END HARDWARE ERROR STATE AT CPE,computation,324
60494,1171444345,tg-c401,DEV,+Platform Specific Error Info Section,computation,324
60495,1171444345,tg-c401,DEV,"Component Info: Vendor Id =x x, Device Id =x x, Class Code =x x, Seg Bus Dev Func =x x x x x",computation,324
60496,1171444345,tg-c401,DEV,"Component Info: Vendor Id =x x, Device Id =x x, Class Code =x x, Seg Bus Dev Func =x x x x x",computation,324
60497,1171444345,tg-c401,DEV,+ Platform Specific Error Detail:,computation,324
60498,1171444345,tg-c401,MEM,"Physical Address x, Address Mask: x, Node: x, Card: x, Module: x, Bank: x, Device: x, Row: x, Column: x,",computation,324
60499,1171444345,tg-c401,MEM,"Physical Address x, Address Mask: x, Node: x, Card: x, Module: x, Bank: x, Device: x, Row: x, Column: x,",computation,324
60500,1171444347,tg-c401,DEV,+BEGIN HARDWARE ERROR STATE AT CPE,computation,324
60501,1171444347,tg-c401,DEV,+Platform PCI Component Error Info Section,computation,324
60502,1171444347,tg-c401,DEV,"Component Info: Vendor Id =x x, Device Id =x x, Class Code =x x, Seg Bus Dev Func =x x x x x",computation,324
60503,1171444347,tg-c401,DEV,"Component Info: Vendor Id =x x, Device Id =x x, Class Code =x x, Seg Bus Dev Func =x x x x x",computation,324
60504,1171444347,tg-c401,DEV,"Component Info: Vendor Id =x x, Device Id =x x, Class Code =x x, Seg Bus Dev Func =x x x x x",computation,324
60505,1171444348,tg-c401,DEV,+END HARDWARE ERROR STATE AT CPE,computation,324
60506,1171444348,tg-c401,DEV,+Platform Specific Error Info Section,computation,324
60507,1171444348,tg-c401,DEV,"Component Info: Vendor Id =x x, Device Id =x x, Class Code =x x, Seg Bus Dev Func =x x x x x",computation,324
60508,1171444348,tg-c401,DEV,+ Platform Specific Error Detail:,computation,324
60509,1171444348,tg-c401,MEM,"Physical Address x, Address Mask: x, Node: x, Card: x, Module: x, Bank: x, Device: x, Row: x, Column: x,",computation,324
60510,1171444348,tg-c401,MEM,"Physical Address x, Address Mask: x, Node: x, Card: x, Module: x, Bank: x, Device: x, Row: x, Column: x,",computation,324
60511,1171444379,tg-c401,DEV,+BEGIN HARDWARE ERROR STATE AT CPE,computation,324
60512,1171444379,tg-c401,DEV,+Platform PCI Component Error Info Section,computation,324
60513,1171444379,tg-c401,DEV,+Platform Specific Error Info Section,computation,324
60514,1171444379,tg-c401,DEV,"Component Info: Vendor Id =x x, Device Id =x x, Class Code =x x, Seg Bus Dev Func =x x x x x",computation,324
60515,1171444379,tg-c401,DEV,"Component Info: Vendor Id =x x, Device Id =x x, Class Code =x x, Seg Bus Dev Func =x x x x x",computation,324
60516,1171444379,tg-c401,DEV,"Component Info: Vendor Id =x x, Device Id =x x, Class Code =x x, Seg Bus Dev Func =x x x x x",computation,324
60517,1171444379,tg-c401,DEV,"Component Info: Vendor Id =x x, Device Id =x x, Class Code =x x, Seg Bus Dev Func =x x x x x",computation,324
60518,1171444379,tg-c401,DEV,+ Platform Specific Error Detail:,computation,324
60519,1171444379,tg-c401,MEM,"Physical Address x, Address Mask: x, Node: x, Card: x, Module: x, Bank: x, Device: x, Row: x, Column: x,",computation,324
60520,1171444379,tg-c401,MEM,"Physical Address x, Address Mask: x, Node: x, Card: x, Module: x, Bank: x, Device: x, Row: x, Column: x,",computation,324
60521,1171444395,tg-c401,DEV,+BEGIN HARDWARE ERROR STATE AT CPE,computation,324
60522,1171444395,tg-c401,DEV,+END HARDWARE ERROR STATE AT CPE,computation,324
60523,1171444395,tg-c401,DEV,+Platform PCI Component Error Info Section,computation,324
60524,1171444395,tg-c401,DEV,+Platform Specific Error Info Section,computation,324
60525,1171444395,tg-c401,DEV,"Component Info: Vendor Id =x x, Device Id =x x, Class Code =x x, Seg Bus Dev Func =x x x x x",computation,324
60526,1171444395,tg-c401,DEV,"Component Info: Vendor Id =x x, Device Id =x x, Class Code =x x, Seg Bus Dev Func =x x x x x",computation,324
60527,1171444395,tg-c401,DEV,"Component Info: Vendor Id =x x, Device Id =x x, Class Code =x x, Seg Bus Dev Func =x x x x x",computation,324
60528,1171444395,tg-c401,DEV,"Component Info: Vendor Id =x x, Device Id =x x, Class Code =x x, Seg Bus Dev Func =x x x x x",computation,324
60529,1171444395,tg-c401,DEV,+ Platform Specific Error Detail:,computation,324
60530,1171444395,tg-c401,MEM,"Physical Address x, Address Mask: x, Node: x, Card: x, Module: x, Bank: x, Device: x, Row: x, Column: x,",computation,324
60531,1171444395,tg-c401,MEM,"Physical Address x, Address Mask: x, Node: x, Card: x, Module: x, Bank: x, Device: x, Row: x, Column: x,",computation,324
60532,1171444412,tg-c401,DEV,+BEGIN HARDWARE ERROR STATE AT CPE,computation,324
60533,1171444412,tg-c401,DEV,+END HARDWARE ERROR STATE AT CPE,computation,324
60534,1171444412,tg-c401,DEV,+Platform PCI Component Error Info Section,computation,324
60535,1171444412,tg-c401,DEV,+Platform Specific Error Info Section,computation,324
60536,1171444412,tg-c401,DEV,"Component Info: Vendor Id =x x, Device Id =x x, Class Code =x x, Seg Bus Dev Func =x x x x x",computation,324
60537,1171444412,tg-c401,DEV,"Component Info: Vendor Id =x x, Device Id =x x, Class Code =x x, Seg Bus Dev Func =x x x x x",computation,324
60538,1171444412,tg-c401,DEV,"Component Info: Vendor Id =x x, Device Id =x x, Class Code =x x, Seg Bus Dev Func =x x x x x",computation,324
60539,1171444412,tg-c401,DEV,"Component Info: Vendor Id =x x, Device Id =x x, Class Code =x x, Seg Bus Dev Func =x x x x x",computation,324
60540,1171444412,tg-c401,DEV,+ Platform Specific Error Detail:,computation,324
60541,1171444412,tg-c401,MEM,"Physical Address x, Address Mask: x, Node: x, Card: x, Module: x, Bank: x, Device: x, Row: x, Column: x,",computation,324
60542,1171444412,tg-c401,MEM,"Physical Address x, Address Mask: x, Node: x, Card: x, Module: x, Bank: x, Device: x, Row: x, Column: x,",computation,324
60543,1171444426,tg-c401,DEV,+BEGIN HARDWARE ERROR STATE AT CPE,computation,324
60544,1171444426,tg-c401,DEV,+Platform PCI Component Error Info Section,computation,324
60545,1171444426,tg-c401,DEV,"Component Info: Vendor Id =x x, Device Id =x x, Class Code =x x, Seg Bus Dev Func =x x x x x",computation,324
60546,1171444427,tg-c401,DEV,+Platform PCI Component Error Info Section,computation,324
60547,1171444427,tg-c401,DEV,+Platform Specific Error Info Section,computation,324
60548,1171444427,tg-c401,DEV,"Component Info: Vendor Id =x x, Device Id =x x, Class Code =x x, Seg Bus Dev Func =x x x x x",computation,324
60549,1171444427,tg-c401,DEV,"Component Info: Vendor Id =x x, Device Id =x x, Class Code =x x, Seg Bus Dev Func =x x x x x",computation,324
60550,1171444427,tg-c401,DEV,"Component Info: Vendor Id =x x, Device Id =x x, Class Code =x x, Seg Bus Dev Func =x x x x x",computation,324
60551,1171444427,tg-c401,MEM,"Physical Address x, Address Mask: x, Node: x, Card: x, Module: x, Bank: x, Device: x, Row: x, Column: x,",computation,324
60552,1171444427,tg-c401,MEM,"Physical Address x, Address Mask: x, Node: x, Card: x, Module: x, Bank: x, Device: x, Row: x, Column: x,",computation,324
60553,1171444477,tg-c401,DEV,+BEGIN HARDWARE ERROR STATE AT CPE,computation,324
60554,1171444477,tg-c401,DEV,+END HARDWARE ERROR STATE AT CPE,computation,324
60555,1171444477,tg-c401,DEV,+Platform PCI Component Error Info Section,computation,324
60556,1171444477,tg-c401,DEV,+Platform Specific Error Info Section,computation,324
60557,1171444477,tg-c401,DEV,"Component Info: Vendor Id =x x, Device Id =x x, Class Code =x x, Seg Bus Dev Func =x x x x x",computation,324
60558,1171444477,tg-c401,DEV,"Component Info: Vendor Id =x x, Device Id =x x, Class Code =x x, Seg Bus Dev Func =x x x x x",computation,324
60559,1171444477,tg-c401,DEV,"Component Info: Vendor Id =x x, Device Id =x x, Class Code =x x, Seg Bus Dev Func =x x x x x",computation,324
60560,1171444477,tg-c401,DEV,"Component Info: Vendor Id =x x, Device Id =x x, Class Code =x x, Seg Bus Dev Func =x x x x x",computation,324
60561,1171444477,tg-c401,DEV,+ Platform Specific Error Detail:,computation,324
60562,1171444477,tg-c401,MEM,"Physical Address x, Address Mask: x, Node: x, Card: x, Module: x, Bank: x, Device: x, Row: x, Column: x,",computation,324
60563,1171444477,tg-c401,MEM,"Physical Address x, Address Mask: x, Node: x, Card: x, Module: x, Bank: x, Device: x, Row: x, Column: x,",computation,324
60564,1171444497,tg-c401,DEV,+BEGIN HARDWARE ERROR STATE AT CPE,computation,324
60565,1171444498,tg-c401,DEV,+END HARDWARE ERROR STATE AT CPE,computation,324
60566,1171444498,tg-c401,DEV,+Platform PCI Component Error Info Section,computation,324
60567,1171444498,tg-c401,DEV,+Platform Specific Error Info Section,computation,324
60568,1171444498,tg-c401,DEV,"Component Info: Vendor Id =x x, Device Id =x x, Class Code =x x, Seg Bus Dev Func =x x x x x",computation,324
60569,1171444498,tg-c401,DEV,"Component Info: Vendor Id =x x, Device Id =x x, Class Code =x x, Seg Bus Dev Func =x x x x x",computation,324
60570,1171444498,tg-c401,DEV,"Component Info: Vendor Id =x x, Device Id =x x, Class Code =x x, Seg Bus Dev Func =x x x x x",computation,324
60571,1171444498,tg-c401,DEV,+ Platform Specific Error Detail:,computation,324
60572,1171444498,tg-c401,MEM,"Physical Address x, Address Mask: x, Node: x, Card: x, Module: x, Bank: x, Device: x, Row: x, Column: x,",computation,324
60573,1171444498,tg-c401,MEM,"Physical Address x, Address Mask: x, Node: x, Card: x, Module: x, Bank: x, Device: x, Row: x, Column: x,",computation,324
60574,1171444503,tg-c401,DEV,+BEGIN HARDWARE ERROR STATE AT CPE,computation,324
60575,1171444503,tg-c401,DEV,+Platform PCI Component Error Info Section,computation,324
60576,1171444503,tg-c401,DEV,"Component Info: Vendor Id =x x, Device Id =x x, Class Code =x x, Seg Bus Dev Func =x x x x x",computation,324
60577,1171444503,tg-c401,DEV,"Component Info: Vendor Id =x x, Device Id =x x, Class Code =x x, Seg Bus Dev Func =x x x x x",computation,324
60578,1171444503,tg-c401,DEV,"Component Info: Vendor Id =x x, Device Id =x x, Class Code =x x, Seg Bus Dev Func =x x x x x",computation,324
60579,1171444504,tg-c401,DEV,+END HARDWARE ERROR STATE AT CPE,computation,324
60580,1171444504,tg-c401,DEV,+Platform Specific Error Info Section,computation,324
60581,1171444504,tg-c401,DEV,"Component Info: Vendor Id =x x, Device Id =x x, Class Code =x x, Seg Bus Dev Func =x x x x x",computation,324
60582,1171444504,tg-c401,DEV,+ Platform Specific Error Detail:,computation,324
60583,1171444504,tg-c401,MEM,"Physical Address x, Address Mask: x, Node: x, Card: x, Module: x, Bank: x, Device: x, Row: x, Column: x,",computation,324
60584,1171444504,tg-c401,MEM,"Physical Address x, Address Mask: x, Node: x, Card: x, Module: x, Bank: x, Device: x, Row: x, Column: x,",computation,324
60585,1171444613,tg-c401,DEV,+BEGIN HARDWARE ERROR STATE AT CPE,computation,324
60586,1171444613,tg-c401,DEV,+END HARDWARE ERROR STATE AT CPE,computation,324
60587,1171444613,tg-c401,DEV,+Platform PCI Component Error Info Section,computation,324
60588,1171444613,tg-c401,DEV,+Platform Specific Error Info Section,computation,324
60589,1171444613,tg-c401,DEV,"Component Info: Vendor Id =x x, Device Id =x x, Class Code =x x, Seg Bus Dev Func =x x x x x",computation,324
60590,1171444613,tg-c401,DEV,"Component Info: Vendor Id =x x, Device Id =x x, Class Code =x x, Seg Bus Dev Func =x x x x x",computation,324
60591,1171444613,tg-c401,DEV,"Component Info: Vendor Id =x x, Device Id =x x, Class Code =x x, Seg Bus Dev Func =x x x x x",computation,324
60592,1171444613,tg-c401,DEV,"Component Info: Vendor Id =x x, Device Id =x x, Class Code =x x, Seg Bus Dev Func =x x x x x",computation,324
60593,1171444613,tg-c401,DEV,+ Platform Specific Error Detail:,computation,324
60594,1171444613,tg-c401,MEM,"Physical Address x, Address Mask: x, Node: x, Card: x, Module: x, Bank: x, Device: x, Row: x, Column: x,",computation,324
60595,1171444613,tg-c401,MEM,"Physical Address x, Address Mask: x, Node: x, Card: x, Module: x, Bank: x, Device: x, Row: x, Column: x,",computation,324
60596,1171444649,tg-c401,DEV,+BEGIN HARDWARE ERROR STATE AT CPE,computation,324
60597,1171444649,tg-c401,DEV,+Platform PCI Component Error Info Section,computation,324
60598,1171444649,tg-c401,DEV,"Component Info: Vendor Id =x x, Device Id =x x, Class Code =x x, Seg Bus Dev Func =x x x x x",computation,324
60599,1171444649,tg-c401,DEV,"Component Info: Vendor Id =x x, Device Id =x x, Class Code =x x, Seg Bus Dev Func =x x x x x",computation,324
60600,1171444649,tg-c401,DEV,"Component Info: Vendor Id =x x, Device Id =x x, Class Code =x x, Seg Bus Dev Func =x x x x x",computation,324
60601,1171444650,tg-c401,DEV,"Component Info: Vendor Id =x x, Device Id =x x, Class Code =x x, Seg Bus Dev Func =x x x x x",computation,324
60602,1171444650,tg-c401,DEV,+ Platform Specific Error Detail:,computation,324
60603,1171444650,tg-c401,MEM,"Physical Address x, Address Mask: x, Node: x, Card: x, Module: x, Bank: x, Device: x, Row: x, Column: x,",computation,324
60604,1171444650,tg-c401,MEM,"Physical Address x, Address Mask: x, Node: x, Card: x, Module: x, Bank: x, Device: x, Row: x, Column: x,",computation,324
60605,1171444710,tg-c401,DEV,+BEGIN HARDWARE ERROR STATE AT CPE,computation,324
60606,1171444710,tg-c401,DEV,+END HARDWARE ERROR STATE AT CPE,computation,324
60607,1171444710,tg-c401,DEV,+Platform PCI Component Error Info Section,computation,324
60608,1171444710,tg-c401,DEV,+Platform Specific Error Info Section,computation,324
60609,1171444710,tg-c401,DEV,"Component Info: Vendor Id =x x, Device Id =x x, Class Code =x x, Seg Bus Dev Func =x x x x x",computation,324
60610,1171444710,tg-c401,DEV,"Component Info: Vendor Id =x x, Device Id =x x, Class Code =x x, Seg Bus Dev Func =x x x x x",computation,324
60611,1171444710,tg-c401,DEV,"Component Info: Vendor Id =x x, Device Id =x x, Class Code =x x, Seg Bus Dev Func =x x x x x",computation,324
60612,1171444710,tg-c401,DEV,"Component Info: Vendor Id =x x, Device Id =x x, Class Code =x x, Seg Bus Dev Func =x x x x x",computation,324
60613,1171444710,tg-c401,DEV,+ Platform Specific Error Detail:,computation,324
60614,1171444710,tg-c401,MEM,"Physical Address x, Address Mask: x, Node: x, Card: x, Module: x, Bank: x, Device: x, Row: x, Column: x,",computation,324
60615,1171444710,tg-c401,MEM,"Physical Address x, Address Mask: x, Node: x, Card: x, Module: x, Bank: x, Device: x, Row: x, Column: x,",computation,324
60616,1171444720,tg-c401,DEV,+BEGIN HARDWARE ERROR STATE AT CPE,computation,324
60617,1171444720,tg-c401,DEV,+Platform PCI Component Error Info Section,computation,324
60618,1171444720,tg-c401,DEV,"Component Info: Vendor Id =x x, Device Id =x x, Class Code =x x, Seg Bus Dev Func =x x x x x",computation,324
60619,1171444720,tg-c401,DEV,"Component Info: Vendor Id =x x, Device Id =x x, Class Code =x x, Seg Bus Dev Func =x x x x x",computation,324
60620,1171444721,tg-c401,DEV,+BEGIN HARDWARE ERROR STATE AT CPE,computation,324
60621,1171444721,tg-c401,DEV,+Platform PCI Component Error Info Section,computation,324
60622,1171444721,tg-c401,DEV,"Component Info: Vendor Id =x x, Device Id =x x, Class Code =x x, Seg Bus Dev Func =x x x x x",computation,324
60623,1171444721,tg-c401,DEV,"Component Info: Vendor Id =x x, Device Id =x x, Class Code =x x, Seg Bus Dev Func =x x x x x",computation,324
60624,1171444721,tg-c401,DEV,"Component Info: Vendor Id =x x, Device Id =x x, Class Code =x x, Seg Bus Dev Func =x x x x x",computation,324
60625,1171444721,tg-c401,DEV,"Component Info: Vendor Id =x x, Device Id =x x, Class Code =x x, Seg Bus Dev Func =x x x x x",computation,324
60626,1171444721,tg-c401,DEV,"Component Info: Vendor Id =x x, Device Id =x x, Class Code =x x, Seg Bus Dev Func =x x x x x",computation,324
60627,1171444721,tg-c401,DEV,+ Platform Specific Error Detail:,computation,324
60628,1171444721,tg-c401,MEM,"Physical Address x, Address Mask: x, Node: x, Card: x, Module: x, Bank: x, Device: x, Row: x, Column: x,",computation,324
60629,1171444721,tg-c401,MEM,"Physical Address x, Address Mask: x, Node: x, Card: x, Module: x, Bank: x, Device: x, Row: x, Column: x,",computation,324
60630,1171444722,tg-c401,DEV,+END HARDWARE ERROR STATE AT CPE,computation,324
60631,1171444722,tg-c401,DEV,+Platform Specific Error Info Section,computation,324
60632,1171444722,tg-c401,DEV,"Component Info: Vendor Id =x x, Device Id =x x, Class Code =x x, Seg Bus Dev Func =x x x x x",computation,324
60633,1171444722,tg-c401,DEV,+ Platform Specific Error Detail:,computation,324
60634,1171444722,tg-c401,MEM,"Physical Address x, Address Mask: x, Node: x, Card: x, Module: x, Bank: x, Device: x, Row: x, Column: x,",computation,324
60635,1171444722,tg-c401,MEM,"Physical Address x, Address Mask: x, Node: x, Card: x, Module: x, Bank: x, Device: x, Row: x, Column: x,",computation,324
60636,1171444726,tg-c401,DEV,+BEGIN HARDWARE ERROR STATE AT CPE,computation,324
60637,1171444726,tg-c401,DEV,+Platform PCI Component Error Info Section,computation,324
60638,1171444726,tg-c401,DEV,"Component Info: Vendor Id =x x, Device Id =x x, Class Code =x x, Seg Bus Dev Func =x x x x x",computation,324
60639,1171444726,tg-c401,DEV,"Component Info: Vendor Id =x x, Device Id =x x, Class Code =x x, Seg Bus Dev Func =x x x x x",computation,324
60640,1171444726,tg-c401,DEV,"Component Info: Vendor Id =x x, Device Id =x x, Class Code =x x, Seg Bus Dev Func =x x x x x",computation,324
60641,1171444727,tg-c401,DEV,+END HARDWARE ERROR STATE AT CPE,computation,324
60642,1171444727,tg-c401,DEV,+Platform PCI Component Error Info Section,computation,324
60643,1171444727,tg-c401,DEV,+Platform Specific Error Info Section,computation,324
60644,1171444727,tg-c401,DEV,"Component Info: Vendor Id =x x, Device Id =x x, Class Code =x x, Seg Bus Dev Func =x x x x x",computation,324
60645,1171444727,tg-c401,DEV,+ Platform Specific Error Detail:,computation,324
60646,1171444727,tg-c401,MEM,"Physical Address x, Address Mask: x, Node: x, Card: x, Module: x, Bank: x, Device: x, Row: x, Column: x,",computation,324
60647,1171444727,tg-c401,MEM,"Physical Address x, Address Mask: x, Node: x, Card: x, Module: x, Bank: x, Device: x, Row: x, Column: x,",computation,324
60648,1171444732,tg-c401,DEV,+BEGIN HARDWARE ERROR STATE AT CPE,computation,324
60649,1171444732,tg-c401,DEV,+Platform PCI Component Error Info Section,computation,324
60650,1171444732,tg-c401,DEV,"Component Info: Vendor Id =x x, Device Id =x x, Class Code =x x, Seg Bus Dev Func =x x x x x",computation,324
60651,1171444732,tg-c401,DEV,"Component Info: Vendor Id =x x, Device Id =x x, Class Code =x x, Seg Bus Dev Func =x x x x x",computation,324
60652,1171444732,tg-c401,DEV,"Component Info: Vendor Id =x x, Device Id =x x, Class Code =x x, Seg Bus Dev Func =x x x x x",computation,324
60653,1171444732,tg-c401,DEV,"Component Info: Vendor Id =x x, Device Id =x x, Class Code =x x, Seg Bus Dev Func =x x x x x",computation,324
60654,1171444733,tg-c401,DEV,+END HARDWARE ERROR STATE AT CPE,computation,324
60655,1171444733,tg-c401,DEV,+Platform Specific Error Info Section,computation,324
60656,1171444733,tg-c401,DEV,+ Platform Specific Error Detail:,computation,324
60657,1171444733,tg-c401,MEM,"Physical Address x, Address Mask: x, Node: x, Card: x, Module: x, Bank: x, Device: x, Row: x, Column: x,",computation,324
60658,1171444733,tg-c401,MEM,"Physical Address x, Address Mask: x, Node: x, Card: x, Module: x, Bank: x, Device: x, Row: x, Column: x,",computation,324
60659,1171444748,tg-c401,DEV,+BEGIN HARDWARE ERROR STATE AT CPE,computation,324
60660,1171444748,tg-c401,DEV,+Platform PCI Component Error Info Section,computation,324
60661,1171444748,tg-c401,DEV,"Component Info: Vendor Id =x x, Device Id =x x, Class Code =x x, Seg Bus Dev Func =x x x x x",computation,324
60662,1171444748,tg-c401,DEV,"Component Info: Vendor Id =x x, Device Id =x x, Class Code =x x, Seg Bus Dev Func =x x x x x",computation,324
60663,1171444748,tg-c401,DEV,"Component Info: Vendor Id =x x, Device Id =x x, Class Code =x x, Seg Bus Dev Func =x x x x x",computation,324
60664,1171444748,tg-c401,DEV,"Component Info: Vendor Id =x x, Device Id =x x, Class Code =x x, Seg Bus Dev Func =x x x x x",computation,324
60665,1171444748,tg-c401,MEM,"Physical Address x, Address Mask: x, Node: x, Card: x, Module: x, Bank: x, Device: x, Row: x, Column: x,",computation,324
60666,1171444748,tg-c401,MEM,"Physical Address x, Address Mask: x, Node: x, Card: x, Module: x, Bank: x, Device: x, Row: x, Column: x,",computation,324
60667,1171444749,tg-c401,DEV,+Platform Specific Error Info Section,computation,324
60668,1171444749,tg-c401,DEV,+ Platform Specific Error Detail:,computation,324
60669,1171444760,tg-c401,DEV,+BEGIN HARDWARE ERROR STATE AT CPE,computation,324
60670,1171444760,tg-c401,DEV,+Platform PCI Component Error Info Section,computation,324
60671,1171444760,tg-c401,DEV,+Platform Specific Error Info Section,computation,324
60672,1171444760,tg-c401,DEV,"Component Info: Vendor Id =x x, Device Id =x x, Class Code =x x, Seg Bus Dev Func =x x x x x",computation,324
60673,1171444760,tg-c401,DEV,"Component Info: Vendor Id =x x, Device Id =x x, Class Code =x x, Seg Bus Dev Func =x x x x x",computation,324
60674,1171444760,tg-c401,DEV,"Component Info: Vendor Id =x x, Device Id =x x, Class Code =x x, Seg Bus Dev Func =x x x x x",computation,324
60675,1171444760,tg-c401,DEV,"Component Info: Vendor Id =x x, Device Id =x x, Class Code =x x, Seg Bus Dev Func =x x x x x",computation,324
60676,1171444760,tg-c401,DEV,+ Platform Specific Error Detail:,computation,324
60677,1171444760,tg-c401,MEM,"Physical Address x, Address Mask: x, Node: x, Card: x, Module: x, Bank: x, Device: x, Row: x, Column: x,",computation,324
60678,1171444760,tg-c401,MEM,"Physical Address x, Address Mask: x, Node: x, Card: x, Module: x, Bank: x, Device: x, Row: x, Column: x,",computation,324
60679,1171444774,tg-c401,DEV,+BEGIN HARDWARE ERROR STATE AT CPE,computation,324
60680,1171444774,tg-c401,DEV,+Platform PCI Component Error Info Section,computation,324
60681,1171444774,tg-c401,DEV,"Component Info: Vendor Id =x x, Device Id =x x, Class Code =x x, Seg Bus Dev Func =x x x x x",computation,324
60682,1171444774,tg-c401,DEV,"Component Info: Vendor Id =x x, Device Id =x x, Class Code =x x, Seg Bus Dev Func =x x x x x",computation,324
60683,1171444775,tg-c401,DEV,+Platform Specific Error Info Section,computation,324
60684,1171444775,tg-c401,DEV,"Component Info: Vendor Id =x x, Device Id =x x, Class Code =x x, Seg Bus Dev Func =x x x x x",computation,324
60685,1171444775,tg-c401,DEV,"Component Info: Vendor Id =x x, Device Id =x x, Class Code =x x, Seg Bus Dev Func =x x x x x",computation,324
60686,1171444775,tg-c401,DEV,+ Platform Specific Error Detail:,computation,324
60687,1171444775,tg-c401,MEM,"Physical Address x, Address Mask: x, Node: x, Card: x, Module: x, Bank: x, Device: x, Row: x, Column: x,",computation,324
60688,1171444775,tg-c401,MEM,"Physical Address x, Address Mask: x, Node: x, Card: x, Module: x, Bank: x, Device: x, Row: x, Column: x,",computation,324
60689,1171444785,tg-c401,DEV,+BEGIN HARDWARE ERROR STATE AT CPE,computation,324
60690,1171444785,tg-c401,DEV,+Platform PCI Component Error Info Section,computation,324
60691,1171444786,tg-c401,DEV,+Platform PCI Component Error Info Section,computation,324
60692,1171444786,tg-c401,DEV,+Platform Specific Error Info Section,computation,324
60693,1171444786,tg-c401,DEV,"Component Info: Vendor Id =x x, Device Id =x x, Class Code =x x, Seg Bus Dev Func =x x x x x",computation,324
60694,1171444786,tg-c401,DEV,"Component Info: Vendor Id =x x, Device Id =x x, Class Code =x x, Seg Bus Dev Func =x x x x x",computation,324
60695,1171444786,tg-c401,DEV,"Component Info: Vendor Id =x x, Device Id =x x, Class Code =x x, Seg Bus Dev Func =x x x x x",computation,324
60696,1171444786,tg-c401,DEV,"Component Info: Vendor Id =x x, Device Id =x x, Class Code =x x, Seg Bus Dev Func =x x x x x",computation,324
60697,1171444786,tg-c401,DEV,+ Platform Specific Error Detail:,computation,324
60698,1171444786,tg-c401,MEM,"Physical Address x, Address Mask: x, Node: x, Card: x, Module: x, Bank: x, Device: x, Row: x, Column: x,",computation,324
60699,1171444786,tg-c401,MEM,"Physical Address x, Address Mask: x, Node: x, Card: x, Module: x, Bank: x, Device: x, Row: x, Column: x,",computation,324
60700,1171444816,tg-c401,DEV,+BEGIN HARDWARE ERROR STATE AT CPE,computation,324
60701,1171444816,tg-c401,DEV,+Platform PCI Component Error Info Section,computation,324
60702,1171444816,tg-c401,DEV,+Platform Specific Error Info Section,computation,324
60703,1171444816,tg-c401,DEV,"Component Info: Vendor Id =x x, Device Id =x x, Class Code =x x, Seg Bus Dev Func =x x x x x",computation,324
60704,1171444816,tg-c401,DEV,"Component Info: Vendor Id =x x, Device Id =x x, Class Code =x x, Seg Bus Dev Func =x x x x x",computation,324
60705,1171444816,tg-c401,DEV,"Component Info: Vendor Id =x x, Device Id =x x, Class Code =x x, Seg Bus Dev Func =x x x x x",computation,324
60706,1171444816,tg-c401,DEV,"Component Info: Vendor Id =x x, Device Id =x x, Class Code =x x, Seg Bus Dev Func =x x x x x",computation,324
60707,1171444816,tg-c401,DEV,+ Platform Specific Error Detail:,computation,324
60708,1171444816,tg-c401,MEM,"Physical Address x, Address Mask: x, Node: x, Card: x, Module: x, Bank: x, Device: x, Row: x, Column: x,",computation,324
60709,1171444816,tg-c401,MEM,"Physical Address x, Address Mask: x, Node: x, Card: x, Module: x, Bank: x, Device: x, Row: x, Column: x,",computation,324
60710,1171444821,tg-c401,DEV,+BEGIN HARDWARE ERROR STATE AT CPE,computation,324
60711,1171444821,tg-c401,DEV,+Platform PCI Component Error Info Section,computation,324
60712,1171444821,tg-c401,DEV,"Component Info: Vendor Id =x x, Device Id =x x, Class Code =x x, Seg Bus Dev Func =x x x x x",computation,324
60713,1171444821,tg-c401,DEV,"Component Info: Vendor Id =x x, Device Id =x x, Class Code =x x, Seg Bus Dev Func =x x x x x",computation,324
60714,1171444821,tg-c401,DEV,"Component Info: Vendor Id =x x, Device Id =x x, Class Code =x x, Seg Bus Dev Func =x x x x x",computation,324
60715,1171444821,tg-c401,DEV,"Component Info: Vendor Id =x x, Device Id =x x, Class Code =x x, Seg Bus Dev Func =x x x x x",computation,324
60716,1171444822,tg-c401,DEV,+END HARDWARE ERROR STATE AT CPE,computation,324
60717,1171444822,tg-c401,DEV,+Platform Specific Error Info Section,computation,324
60718,1171444822,tg-c401,DEV,+ Platform Specific Error Detail:,computation,324
60719,1171444822,tg-c401,MEM,"Physical Address x, Address Mask: x, Node: x, Card: x, Module: x, Bank: x, Device: x, Row: x, Column: x,",computation,324
60720,1171444822,tg-c401,MEM,"Physical Address x, Address Mask: x, Node: x, Card: x, Module: x, Bank: x, Device: x, Row: x, Column: x,",computation,324
60721,1171444826,tg-c401,DEV,+BEGIN HARDWARE ERROR STATE AT CPE,computation,324
60722,1171444826,tg-c401,DEV,+Platform PCI Component Error Info Section,computation,324
60723,1171444826,tg-c401,DEV,+Platform Specific Error Info Section,computation,324
60724,1171444826,tg-c401,DEV,"Component Info: Vendor Id =x x, Device Id =x x, Class Code =x x, Seg Bus Dev Func =x x x x x",computation,324
60725,1171444826,tg-c401,DEV,"Component Info: Vendor Id =x x, Device Id =x x, Class Code =x x, Seg Bus Dev Func =x x x x x",computation,324
60726,1171444826,tg-c401,DEV,"Component Info: Vendor Id =x x, Device Id =x x, Class Code =x x, Seg Bus Dev Func =x x x x x",computation,324
60727,1171444826,tg-c401,DEV,+ Platform Specific Error Detail:,computation,324
60728,1171444826,tg-c401,MEM,"Physical Address x, Address Mask: x, Node: x, Card: x, Module: x, Bank: x, Device: x, Row: x, Column: x,",computation,324
60729,1171444826,tg-c401,MEM,"Physical Address x, Address Mask: x, Node: x, Card: x, Module: x, Bank: x, Device: x, Row: x, Column: x,",computation,324
60730,1171444842,tg-c401,DEV,+BEGIN HARDWARE ERROR STATE AT CPE,computation,324
60731,1171444842,tg-c401,DEV,+END HARDWARE ERROR STATE AT CPE,computation,324
60732,1171444842,tg-c401,DEV,+Platform PCI Component Error Info Section,computation,324
60733,1171444842,tg-c401,DEV,+Platform Specific Error Info Section,computation,324
60734,1171444842,tg-c401,DEV,"Component Info: Vendor Id =x x, Device Id =x x, Class Code =x x, Seg Bus Dev Func =x x x x x",computation,324
60735,1171444842,tg-c401,DEV,"Component Info: Vendor Id =x x, Device Id =x x, Class Code =x x, Seg Bus Dev Func =x x x x x",computation,324
60736,1171444842,tg-c401,DEV,"Component Info: Vendor Id =x x, Device Id =x x, Class Code =x x, Seg Bus Dev Func =x x x x x",computation,324
60737,1171444842,tg-c401,DEV,"Component Info: Vendor Id =x x, Device Id =x x, Class Code =x x, Seg Bus Dev Func =x x x x x",computation,324
60738,1171444842,tg-c401,DEV,+ Platform Specific Error Detail:,computation,324
60739,1171444842,tg-c401,MEM,"Physical Address x, Address Mask: x, Node: x, Card: x, Module: x, Bank: x, Device: x, Row: x, Column: x,",computation,324
60740,1171444842,tg-c401,MEM,"Physical Address x, Address Mask: x, Node: x, Card: x, Module: x, Bank: x, Device: x, Row: x, Column: x,",computation,324
60741,1171444847,tg-c401,DEV,+BEGIN HARDWARE ERROR STATE AT CPE,computation,324
60742,1171444848,tg-c401,DEV,+END HARDWARE ERROR STATE AT CPE,computation,324
60743,1171444848,tg-c401,DEV,+Platform PCI Component Error Info Section,computation,324
60744,1171444848,tg-c401,DEV,+Platform Specific Error Info Section,computation,324
60745,1171444848,tg-c401,DEV,"Component Info: Vendor Id =x x, Device Id =x x, Class Code =x x, Seg Bus Dev Func =x x x x x",computation,324
60746,1171444848,tg-c401,DEV,"Component Info: Vendor Id =x x, Device Id =x x, Class Code =x x, Seg Bus Dev Func =x x x x x",computation,324
60747,1171444848,tg-c401,DEV,"Component Info: Vendor Id =x x, Device Id =x x, Class Code =x x, Seg Bus Dev Func =x x x x x",computation,324
60748,1171444848,tg-c401,DEV,+ Platform Specific Error Detail:,computation,324
60749,1171444848,tg-c401,MEM,"Physical Address x, Address Mask: x, Node: x, Card: x, Module: x, Bank: x, Device: x, Row: x, Column: x,",computation,324
60750,1171444848,tg-c401,MEM,"Physical Address x, Address Mask: x, Node: x, Card: x, Module: x, Bank: x, Device: x, Row: x, Column: x,",computation,324
60751,1171444854,tg-c401,DEV,+BEGIN HARDWARE ERROR STATE AT CPE,computation,324
60752,1171444854,tg-c401,DEV,+END HARDWARE ERROR STATE AT CPE,computation,324
60753,1171444854,tg-c401,DEV,+Platform PCI Component Error Info Section,computation,324
60754,1171444854,tg-c401,DEV,+Platform Specific Error Info Section,computation,324
60755,1171444854,tg-c401,DEV,"Component Info: Vendor Id =x x, Device Id =x x, Class Code =x x, Seg Bus Dev Func =x x x x x",computation,324
60756,1171444854,tg-c401,DEV,"Component Info: Vendor Id =x x, Device Id =x x, Class Code =x x, Seg Bus Dev Func =x x x x x",computation,324
60757,1171444854,tg-c401,DEV,"Component Info: Vendor Id =x x, Device Id =x x, Class Code =x x, Seg Bus Dev Func =x x x x x",computation,324
60758,1171444854,tg-c401,DEV,"Component Info: Vendor Id =x x, Device Id =x x, Class Code =x x, Seg Bus Dev Func =x x x x x",computation,324
60759,1171444854,tg-c401,DEV,+ Platform Specific Error Detail:,computation,324
60760,1171444854,tg-c401,MEM,"Physical Address x, Address Mask: x, Node: x, Card: x, Module: x, Bank: x, Device: x, Row: x, Column: x,",computation,324
60761,1171444854,tg-c401,MEM,"Physical Address x, Address Mask: x, Node: x, Card: x, Module: x, Bank: x, Device: x, Row: x, Column: x,",computation,324
60762,1171444858,tg-c401,DEV,+BEGIN HARDWARE ERROR STATE AT CPE,computation,324
60763,1171444858,tg-c401,DEV,+Platform PCI Component Error Info Section,computation,324
60764,1171444858,tg-c401,DEV,"Component Info: Vendor Id =x x, Device Id =x x, Class Code =x x, Seg Bus Dev Func =x x x x x",computation,324
60765,1171444858,tg-c401,DEV,"Component Info: Vendor Id =x x, Device Id =x x, Class Code =x x, Seg Bus Dev Func =x x x x x",computation,324
60766,1171444858,tg-c401,DEV,"Component Info: Vendor Id =x x, Device Id =x x, Class Code =x x, Seg Bus Dev Func =x x x x x",computation,324
60767,1171444859,tg-c401,DEV,+BEGIN HARDWARE ERROR STATE AT CPE,computation,324
60768,1171444859,tg-c401,DEV,+END HARDWARE ERROR STATE AT CPE,computation,324
60769,1171444859,tg-c401,DEV,+Platform PCI Component Error Info Section,computation,324
60770,1171444859,tg-c401,DEV,+Platform Specific Error Info Section,computation,324
60771,1171444859,tg-c401,DEV,"Component Info: Vendor Id =x x, Device Id =x x, Class Code =x x, Seg Bus Dev Func =x x x x x",computation,324
60772,1171444859,tg-c401,DEV,"Component Info: Vendor Id =x x, Device Id =x x, Class Code =x x, Seg Bus Dev Func =x x x x x",computation,324
60773,1171444859,tg-c401,DEV,"Component Info: Vendor Id =x x, Device Id =x x, Class Code =x x, Seg Bus Dev Func =x x x x x",computation,324
60774,1171444859,tg-c401,DEV,"Component Info: Vendor Id =x x, Device Id =x x, Class Code =x x, Seg Bus Dev Func =x x x x x",computation,324
60775,1171444859,tg-c401,DEV,"Component Info: Vendor Id =x x, Device Id =x x, Class Code =x x, Seg Bus Dev Func =x x x x x",computation,324
60776,1171444859,tg-c401,DEV,+ Platform Specific Error Detail:,computation,324
60777,1171444859,tg-c401,MEM,"Physical Address x, Address Mask: x, Node: x, Card: x, Module: x, Bank: x, Device: x, Row: x, Column: x,",computation,324
60778,1171444859,tg-c401,MEM,"Physical Address x, Address Mask: x, Node: x, Card: x, Module: x, Bank: x, Device: x, Row: x, Column: x,",computation,324
60779,1171444860,tg-c401,DEV,+END HARDWARE ERROR STATE AT CPE,computation,324
60780,1171444860,tg-c401,DEV,+Platform Specific Error Info Section,computation,324
60781,1171444860,tg-c401,DEV,+ Platform Specific Error Detail:,computation,324
60782,1171444860,tg-c401,MEM,"Physical Address x, Address Mask: x, Node: x, Card: x, Module: x, Bank: x, Device: x, Row: x, Column: x,",computation,324
60783,1171444860,tg-c401,MEM,"Physical Address x, Address Mask: x, Node: x, Card: x, Module: x, Bank: x, Device: x, Row: x, Column: x,",computation,324
60784,1171444870,tg-c401,DEV,+BEGIN HARDWARE ERROR STATE AT CPE,computation,324
60785,1171444870,tg-c401,DEV,+Platform PCI Component Error Info Section,computation,324
60786,1171444870,tg-c401,DEV,"Component Info: Vendor Id =x x, Device Id =x x, Class Code =x x, Seg Bus Dev Func =x x x x x",computation,324
60787,1171444870,tg-c401,DEV,"Component Info: Vendor Id =x x, Device Id =x x, Class Code =x x, Seg Bus Dev Func =x x x x x",computation,324
60788,1171444870,tg-c401,DEV,"Component Info: Vendor Id =x x, Device Id =x x, Class Code =x x, Seg Bus Dev Func =x x x x x",computation,324
60789,1171444871,tg-c401,DEV,+END HARDWARE ERROR STATE AT CPE,computation,324
60790,1171444871,tg-c401,DEV,+Platform Specific Error Info Section,computation,324
60791,1171444871,tg-c401,DEV,"Component Info: Vendor Id =x x, Device Id =x x, Class Code =x x, Seg Bus Dev Func =x x x x x",computation,324
60792,1171444871,tg-c401,DEV,+ Platform Specific Error Detail:,computation,324
60793,1171444871,tg-c401,MEM,"Physical Address x, Address Mask: x, Node: x, Card: x, Module: x, Bank: x, Device: x, Row: x, Column: x,",computation,324
60794,1171444871,tg-c401,MEM,"Physical Address x, Address Mask: x, Node: x, Card: x, Module: x, Bank: x, Device: x, Row: x, Column: x,",computation,324
60795,1171444937,tg-c401,DEV,+BEGIN HARDWARE ERROR STATE AT CPE,computation,324
60796,1171444937,tg-c401,DEV,+Platform PCI Component Error Info Section,computation,324
60797,1171444937,tg-c401,DEV,+Platform Specific Error Info Section,computation,324
60798,1171444937,tg-c401,DEV,"Component Info: Vendor Id =x x, Device Id =x x, Class Code =x x, Seg Bus Dev Func =x x x x x",computation,324
60799,1171444937,tg-c401,DEV,"Component Info: Vendor Id =x x, Device Id =x x, Class Code =x x, Seg Bus Dev Func =x x x x x",computation,324
60800,1171444937,tg-c401,DEV,"Component Info: Vendor Id =x x, Device Id =x x, Class Code =x x, Seg Bus Dev Func =x x x x x",computation,324
60801,1171444937,tg-c401,DEV,"Component Info: Vendor Id =x x, Device Id =x x, Class Code =x x, Seg Bus Dev Func =x x x x x",computation,324
60802,1171444937,tg-c401,DEV,+ Platform Specific Error Detail:,computation,324
60803,1171444937,tg-c401,MEM,"Physical Address x, Address Mask: x, Node: x, Card: x, Module: x, Bank: x, Device: x, Row: x, Column: x,",computation,324
60804,1171444937,tg-c401,MEM,"Physical Address x, Address Mask: x, Node: x, Card: x, Module: x, Bank: x, Device: x, Row: x, Column: x,",computation,324
60805,1171445006,tg-c401,DEV,+BEGIN HARDWARE ERROR STATE AT CPE,computation,324
60806,1171445006,tg-c401,DEV,+Platform PCI Component Error Info Section,computation,324
60807,1171445006,tg-c401,DEV,"Component Info: Vendor Id =x x, Device Id =x x, Class Code =x x, Seg Bus Dev Func =x x x x x",computation,324
60808,1171445006,tg-c401,DEV,"Component Info: Vendor Id =x x, Device Id =x x, Class Code =x x, Seg Bus Dev Func =x x x x x",computation,324
60809,1171445006,tg-c401,DEV,"Component Info: Vendor Id =x x, Device Id =x x, Class Code =x x, Seg Bus Dev Func =x x x x x",computation,324
60810,1171445007,tg-c401,DEV,+Platform Specific Error Info Section,computation,324
60811,1171445007,tg-c401,DEV,"Component Info: Vendor Id =x x, Device Id =x x, Class Code =x x, Seg Bus Dev Func =x x x x x",computation,324
60812,1171445007,tg-c401,DEV,+ Platform Specific Error Detail:,computation,324
60813,1171445007,tg-c401,MEM,"Physical Address x, Address Mask: x, Node: x, Card: x, Module: x, Bank: x, Device: x, Row: x, Column: x,",computation,324
60814,1171445007,tg-c401,MEM,"Physical Address x, Address Mask: x, Node: x, Card: x, Module: x, Bank: x, Device: x, Row: x, Column: x,",computation,324
60815,1171445013,tg-c401,DEV,+BEGIN HARDWARE ERROR STATE AT CPE,computation,324
60816,1171445013,tg-c401,DEV,+END HARDWARE ERROR STATE AT CPE,computation,324
60817,1171445013,tg-c401,DEV,+Platform PCI Component Error Info Section,computation,324
60818,1171445013,tg-c401,DEV,+Platform Specific Error Info Section,computation,324
60819,1171445013,tg-c401,DEV,"Component Info: Vendor Id =x x, Device Id =x x, Class Code =x x, Seg Bus Dev Func =x x x x x",computation,324
60820,1171445013,tg-c401,DEV,"Component Info: Vendor Id =x x, Device Id =x x, Class Code =x x, Seg Bus Dev Func =x x x x x",computation,324
60821,1171445013,tg-c401,DEV,"Component Info: Vendor Id =x x, Device Id =x x, Class Code =x x, Seg Bus Dev Func =x x x x x",computation,324
60822,1171445013,tg-c401,DEV,"Component Info: Vendor Id =x x, Device Id =x x, Class Code =x x, Seg Bus Dev Func =x x x x x",computation,324
60823,1171445013,tg-c401,DEV,+ Platform Specific Error Detail:,computation,324
60824,1171445013,tg-c401,MEM,"Physical Address x, Address Mask: x, Node: x, Card: x, Module: x, Bank: x, Device: x, Row: x, Column: x,",computation,324
60825,1171445013,tg-c401,MEM,"Physical Address x, Address Mask: x, Node: x, Card: x, Module: x, Bank: x, Device: x, Row: x, Column: x,",computation,324
60826,1171445022,tg-c401,DEV,+BEGIN HARDWARE ERROR STATE AT CPE,computation,324
60827,1171445022,tg-c401,DEV,+Platform PCI Component Error Info Section,computation,324
60828,1171445023,tg-c401,DEV,+END HARDWARE ERROR STATE AT CPE,computation,324
60829,1171445023,tg-c401,DEV,+Platform PCI Component Error Info Section,computation,324
60830,1171445023,tg-c401,DEV,+Platform Specific Error Info Section,computation,324
60831,1171445023,tg-c401,DEV,"Component Info: Vendor Id =x x, Device Id =x x, Class Code =x x, Seg Bus Dev Func =x x x x x",computation,324
60832,1171445023,tg-c401,DEV,"Component Info: Vendor Id =x x, Device Id =x x, Class Code =x x, Seg Bus Dev Func =x x x x x",computation,324
60833,1171445023,tg-c401,DEV,"Component Info: Vendor Id =x x, Device Id =x x, Class Code =x x, Seg Bus Dev Func =x x x x x",computation,324
60834,1171445023,tg-c401,DEV,"Component Info: Vendor Id =x x, Device Id =x x, Class Code =x x, Seg Bus Dev Func =x x x x x",computation,324
60835,1171445023,tg-c401,DEV,+ Platform Specific Error Detail:,computation,324
60836,1171445023,tg-c401,MEM,"Physical Address x, Address Mask: x, Node: x, Card: x, Module: x, Bank: x, Device: x, Row: x, Column: x,",computation,324
60837,1171445023,tg-c401,MEM,"Physical Address x, Address Mask: x, Node: x, Card: x, Module: x, Bank: x, Device: x, Row: x, Column: x,",computation,324
60838,1171445121,tg-c401,DEV,+BEGIN HARDWARE ERROR STATE AT CPE,computation,324
60839,1171445121,tg-c401,DEV,+END HARDWARE ERROR STATE AT CPE,computation,324
60840,1171445121,tg-c401,DEV,+Platform PCI Component Error Info Section,computation,324
60841,1171445121,tg-c401,DEV,+Platform Specific Error Info Section,computation,324
60842,1171445121,tg-c401,DEV,"Component Info: Vendor Id =x x, Device Id =x x, Class Code =x x, Seg Bus Dev Func =x x x x x",computation,324
60843,1171445121,tg-c401,DEV,"Component Info: Vendor Id =x x, Device Id =x x, Class Code =x x, Seg Bus Dev Func =x x x x x",computation,324
60844,1171445121,tg-c401,DEV,"Component Info: Vendor Id =x x, Device Id =x x, Class Code =x x, Seg Bus Dev Func =x x x x x",computation,324
60845,1171445121,tg-c401,DEV,"Component Info: Vendor Id =x x, Device Id =x x, Class Code =x x, Seg Bus Dev Func =x x x x x",computation,324
60846,1171445121,tg-c401,DEV,+ Platform Specific Error Detail:,computation,324
60847,1171445121,tg-c401,MEM,"Physical Address x, Address Mask: x, Node: x, Card: x, Module: x, Bank: x, Device: x, Row: x, Column: x,",computation,324
60848,1171445121,tg-c401,MEM,"Physical Address x, Address Mask: x, Node: x, Card: x, Module: x, Bank: x, Device: x, Row: x, Column: x,",computation,324
60849,1171445126,tg-c401,DEV,+BEGIN HARDWARE ERROR STATE AT CPE,computation,324
60850,1171445126,tg-c401,DEV,+Platform PCI Component Error Info Section,computation,324
60851,1171445126,tg-c401,DEV,"Component Info: Vendor Id =x x, Device Id =x x, Class Code =x x, Seg Bus Dev Func =x x x x x",computation,324
60852,1171445126,tg-c401,DEV,"Component Info: Vendor Id =x x, Device Id =x x, Class Code =x x, Seg Bus Dev Func =x x x x x",computation,324
60853,1171445126,tg-c401,DEV,"Component Info: Vendor Id =x x, Device Id =x x, Class Code =x x, Seg Bus Dev Func =x x x x x",computation,324
60854,1171445127,tg-c401,DEV,+END HARDWARE ERROR STATE AT CPE,computation,324
60855,1171445127,tg-c401,DEV,+Platform PCI Component Error Info Section,computation,324
60856,1171445127,tg-c401,DEV,+Platform Specific Error Info Section,computation,324
60857,1171445127,tg-c401,DEV,"Component Info: Vendor Id =x x, Device Id =x x, Class Code =x x, Seg Bus Dev Func =x x x x x",computation,324
60858,1171445127,tg-c401,DEV,+ Platform Specific Error Detail:,computation,324
60859,1171445127,tg-c401,MEM,"Physical Address x, Address Mask: x, Node: x, Card: x, Module: x, Bank: x, Device: x, Row: x, Column: x,",computation,324
60860,1171445127,tg-c401,MEM,"Physical Address x, Address Mask: x, Node: x, Card: x, Module: x, Bank: x, Device: x, Row: x, Column: x,",computation,324
60861,1171445131,tg-c401,DEV,+BEGIN HARDWARE ERROR STATE AT CPE,computation,324
60862,1171445131,tg-c401,DEV,+Platform PCI Component Error Info Section,computation,324
60863,1171445131,tg-c401,DEV,+Platform Specific Error Info Section,computation,324
60864,1171445131,tg-c401,DEV,"Component Info: Vendor Id =x x, Device Id =x x, Class Code =x x, Seg Bus Dev Func =x x x x x",computation,324
60865,1171445131,tg-c401,DEV,"Component Info: Vendor Id =x x, Device Id =x x, Class Code =x x, Seg Bus Dev Func =x x x x x",computation,324
60866,1171445131,tg-c401,DEV,+ Platform Specific Error Detail:,computation,324
60867,1171445131,tg-c401,MEM,"Physical Address x, Address Mask: x, Node: x, Card: x, Module: x, Bank: x, Device: x, Row: x, Column: x,",computation,324
60868,1171445131,tg-c401,MEM,"Physical Address x, Address Mask: x, Node: x, Card: x, Module: x, Bank: x, Device: x, Row: x, Column: x,",computation,324
60869,1171445147,tg-c401,DEV,+BEGIN HARDWARE ERROR STATE AT CPE,computation,324
60870,1171445147,tg-c401,DEV,+Platform PCI Component Error Info Section,computation,324
60871,1171445147,tg-c401,DEV,+Platform Specific Error Info Section,computation,324
60872,1171445147,tg-c401,DEV,"Component Info: Vendor Id =x x, Device Id =x x, Class Code =x x, Seg Bus Dev Func =x x x x x",computation,324
60873,1171445147,tg-c401,DEV,"Component Info: Vendor Id =x x, Device Id =x x, Class Code =x x, Seg Bus Dev Func =x x x x x",computation,324
60874,1171445147,tg-c401,DEV,"Component Info: Vendor Id =x x, Device Id =x x, Class Code =x x, Seg Bus Dev Func =x x x x x",computation,324
60875,1171445147,tg-c401,DEV,"Component Info: Vendor Id =x x, Device Id =x x, Class Code =x x, Seg Bus Dev Func =x x x x x",computation,324
60876,1171445147,tg-c401,DEV,+ Platform Specific Error Detail:,computation,324
60877,1171445147,tg-c401,MEM,"Physical Address x, Address Mask: x, Node: x, Card: x, Module: x, Bank: x, Device: x, Row: x, Column: x,",computation,324
60878,1171445147,tg-c401,MEM,"Physical Address x, Address Mask: x, Node: x, Card: x, Module: x, Bank: x, Device: x, Row: x, Column: x,",computation,324
60879,1171445152,tg-c401,DEV,+BEGIN HARDWARE ERROR STATE AT CPE,computation,324
60880,1171445152,tg-c401,DEV,+Platform PCI Component Error Info Section,computation,324
60881,1171445152,tg-c401,DEV,"Component Info: Vendor Id =x x, Device Id =x x, Class Code =x x, Seg Bus Dev Func =x x x x x",computation,324
60882,1171445152,tg-c401,DEV,"Component Info: Vendor Id =x x, Device Id =x x, Class Code =x x, Seg Bus Dev Func =x x x x x",computation,324
60883,1171445152,tg-c401,DEV,"Component Info: Vendor Id =x x, Device Id =x x, Class Code =x x, Seg Bus Dev Func =x x x x x",computation,324
60884,1171445153,tg-c401,DEV,+END HARDWARE ERROR STATE AT CPE,computation,324
60885,1171445153,tg-c401,DEV,+Platform PCI Component Error Info Section,computation,324
60886,1171445153,tg-c401,DEV,+Platform Specific Error Info Section,computation,324
60887,1171445153,tg-c401,DEV,"Component Info: Vendor Id =x x, Device Id =x x, Class Code =x x, Seg Bus Dev Func =x x x x x",computation,324
60888,1171445153,tg-c401,DEV,+ Platform Specific Error Detail:,computation,324
60889,1171445153,tg-c401,MEM,"Physical Address x, Address Mask: x, Node: x, Card: x, Module: x, Bank: x, Device: x, Row: x, Column: x,",computation,324
60890,1171445153,tg-c401,MEM,"Physical Address x, Address Mask: x, Node: x, Card: x, Module: x, Bank: x, Device: x, Row: x, Column: x,",computation,324
60891,1171445216,tg-c401,DEV,+BEGIN HARDWARE ERROR STATE AT CPE,computation,324
60892,1171445216,tg-c401,DEV,+END HARDWARE ERROR STATE AT CPE,computation,324
60893,1171445216,tg-c401,DEV,+Platform PCI Component Error Info Section,computation,324
60894,1171445216,tg-c401,DEV,+Platform Specific Error Info Section,computation,324
60895,1171445216,tg-c401,DEV,"Component Info: Vendor Id =x x, Device Id =x x, Class Code =x x, Seg Bus Dev Func =x x x x x",computation,324
60896,1171445216,tg-c401,DEV,"Component Info: Vendor Id =x x, Device Id =x x, Class Code =x x, Seg Bus Dev Func =x x x x x",computation,324
60897,1171445216,tg-c401,DEV,"Component Info: Vendor Id =x x, Device Id =x x, Class Code =x x, Seg Bus Dev Func =x x x x x",computation,324
60898,1171445216,tg-c401,DEV,"Component Info: Vendor Id =x x, Device Id =x x, Class Code =x x, Seg Bus Dev Func =x x x x x",computation,324
60899,1171445216,tg-c401,DEV,+ Platform Specific Error Detail:,computation,324
60900,1171445216,tg-c401,MEM,"Physical Address x, Address Mask: x, Node: x, Card: x, Module: x, Bank: x, Device: x, Row: x, Column: x,",computation,324
60901,1171445216,tg-c401,MEM,"Physical Address x, Address Mask: x, Node: x, Card: x, Module: x, Bank: x, Device: x, Row: x, Column: x,",computation,324
60902,1171445285,tg-c401,DEV,+BEGIN HARDWARE ERROR STATE AT CPE,computation,324
60903,1171445285,tg-c401,DEV,+END HARDWARE ERROR STATE AT CPE,computation,324
60904,1171445285,tg-c401,DEV,+Platform PCI Component Error Info Section,computation,324
60905,1171445285,tg-c401,DEV,+Platform Specific Error Info Section,computation,324
60906,1171445285,tg-c401,DEV,"Component Info: Vendor Id =x x, Device Id =x x, Class Code =x x, Seg Bus Dev Func =x x x x x",computation,324
60907,1171445285,tg-c401,DEV,"Component Info: Vendor Id =x x, Device Id =x x, Class Code =x x, Seg Bus Dev Func =x x x x x",computation,324
60908,1171445285,tg-c401,DEV,"Component Info: Vendor Id =x x, Device Id =x x, Class Code =x x, Seg Bus Dev Func =x x x x x",computation,324
60909,1171445285,tg-c401,DEV,+ Platform Specific Error Detail:,computation,324
60910,1171445285,tg-c401,MEM,"Physical Address x, Address Mask: x, Node: x, Card: x, Module: x, Bank: x, Device: x, Row: x, Column: x,",computation,324
60911,1171445285,tg-c401,MEM,"Physical Address x, Address Mask: x, Node: x, Card: x, Module: x, Bank: x, Device: x, Row: x, Column: x,",computation,324
60912,1171445321,tg-c401,DEV,+BEGIN HARDWARE ERROR STATE AT CPE,computation,324
60913,1171445321,tg-c401,DEV,+END HARDWARE ERROR STATE AT CPE,computation,324
60914,1171445321,tg-c401,DEV,+Platform PCI Component Error Info Section,computation,324
60915,1171445321,tg-c401,DEV,+Platform Specific Error Info Section,computation,324
60916,1171445321,tg-c401,DEV,"Component Info: Vendor Id =x x, Device Id =x x, Class Code =x x, Seg Bus Dev Func =x x x x x",computation,324
60917,1171445321,tg-c401,DEV,"Component Info: Vendor Id =x x, Device Id =x x, Class Code =x x, Seg Bus Dev Func =x x x x x",computation,324
60918,1171445321,tg-c401,DEV,"Component Info: Vendor Id =x x, Device Id =x x, Class Code =x x, Seg Bus Dev Func =x x x x x",computation,324
60919,1171445321,tg-c401,DEV,+ Platform Specific Error Detail:,computation,324
60920,1171445321,tg-c401,MEM,"Physical Address x, Address Mask: x, Node: x, Card: x, Module: x, Bank: x, Device: x, Row: x, Column: x,",computation,324
60921,1171445321,tg-c401,MEM,"Physical Address x, Address Mask: x, Node: x, Card: x, Module: x, Bank: x, Device: x, Row: x, Column: x,",computation,324
60922,1171445330,tg-c401,DEV,+BEGIN HARDWARE ERROR STATE AT CPE,computation,324
60923,1171445330,tg-c401,DEV,+Platform PCI Component Error Info Section,computation,324
60924,1171445330,tg-c401,DEV,"Component Info: Vendor Id =x x, Device Id =x x, Class Code =x x, Seg Bus Dev Func =x x x x x",computation,324
60925,1171445330,tg-c401,DEV,"Component Info: Vendor Id =x x, Device Id =x x, Class Code =x x, Seg Bus Dev Func =x x x x x",computation,324
60926,1171445330,tg-c401,DEV,"Component Info: Vendor Id =x x, Device Id =x x, Class Code =x x, Seg Bus Dev Func =x x x x x",computation,324
60927,1171445331,tg-c401,DEV,+Platform Specific Error Info Section,computation,324
60928,1171445331,tg-c401,DEV,"Component Info: Vendor Id =x x, Device Id =x x, Class Code =x x, Seg Bus Dev Func =x x x x x",computation,324
60929,1171445331,tg-c401,DEV,+ Platform Specific Error Detail:,computation,324
60930,1171445337,tg-c401,DEV,+BEGIN HARDWARE ERROR STATE AT CPE,computation,324
60931,1171445337,tg-c401,DEV,+END HARDWARE ERROR STATE AT CPE,computation,324
60932,1171445337,tg-c401,DEV,+Platform PCI Component Error Info Section,computation,324
60933,1171445337,tg-c401,DEV,+Platform Specific Error Info Section,computation,324
60934,1171445337,tg-c401,DEV,"Component Info: Vendor Id =x x, Device Id =x x, Class Code =x x, Seg Bus Dev Func =x x x x x",computation,324
60935,1171445337,tg-c401,DEV,"Component Info: Vendor Id =x x, Device Id =x x, Class Code =x x, Seg Bus Dev Func =x x x x x",computation,324
60936,1171445337,tg-c401,DEV,"Component Info: Vendor Id =x x, Device Id =x x, Class Code =x x, Seg Bus Dev Func =x x x x x",computation,324
60937,1171445337,tg-c401,DEV,"Component Info: Vendor Id =x x, Device Id =x x, Class Code =x x, Seg Bus Dev Func =x x x x x",computation,324
60938,1171445337,tg-c401,DEV,+ Platform Specific Error Detail:,computation,324
60939,1171445337,tg-c401,MEM,"Physical Address x, Address Mask: x, Node: x, Card: x, Module: x, Bank: x, Device: x, Row: x, Column: x,",computation,324
60940,1171445337,tg-c401,MEM,"Physical Address x, Address Mask: x, Node: x, Card: x, Module: x, Bank: x, Device: x, Row: x, Column: x,",computation,324
60941,1171445352,tg-c401,DEV,+BEGIN HARDWARE ERROR STATE AT CPE,computation,324
60942,1171445352,tg-c401,DEV,+Platform PCI Component Error Info Section,computation,324
60943,1171445353,tg-c401,DEV,+Platform PCI Component Error Info Section,computation,324
60944,1171445353,tg-c401,DEV,+Platform Specific Error Info Section,computation,324
60945,1171445353,tg-c401,DEV,"Component Info: Vendor Id =x x, Device Id =x x, Class Code =x x, Seg Bus Dev Func =x x x x x",computation,324
60946,1171445353,tg-c401,DEV,"Component Info: Vendor Id =x x, Device Id =x x, Class Code =x x, Seg Bus Dev Func =x x x x x",computation,324
60947,1171445353,tg-c401,DEV,"Component Info: Vendor Id =x x, Device Id =x x, Class Code =x x, Seg Bus Dev Func =x x x x x",computation,324
60948,1171445353,tg-c401,DEV,"Component Info: Vendor Id =x x, Device Id =x x, Class Code =x x, Seg Bus Dev Func =x x x x x",computation,324
60949,1171445353,tg-c401,DEV,+ Platform Specific Error Detail:,computation,324
60950,1171445353,tg-c401,MEM,"Physical Address x, Address Mask: x, Node: x, Card: x, Module: x, Bank: x, Device: x, Row: x, Column: x,",computation,324
60951,1171445353,tg-c401,MEM,"Physical Address x, Address Mask: x, Node: x, Card: x, Module: x, Bank: x, Device: x, Row: x, Column: x,",computation,324
60952,1171445406,tg-c401,DEV,+BEGIN HARDWARE ERROR STATE AT CPE,computation,324
60953,1171445406,tg-c401,DEV,+Platform PCI Component Error Info Section,computation,324
60954,1171445406,tg-c401,DEV,"Component Info: Vendor Id =x x, Device Id =x x, Class Code =x x, Seg Bus Dev Func =x x x x x",computation,324
60955,1171445406,tg-c401,DEV,"Component Info: Vendor Id =x x, Device Id =x x, Class Code =x x, Seg Bus Dev Func =x x x x x",computation,324
60956,1171445407,tg-c401,DEV,+Platform PCI Component Error Info Section,computation,324
60957,1171445407,tg-c401,DEV,+Platform Specific Error Info Section,computation,324
60958,1171445407,tg-c401,DEV,"Component Info: Vendor Id =x x, Device Id =x x, Class Code =x x, Seg Bus Dev Func =x x x x x",computation,324
60959,1171445407,tg-c401,DEV,"Component Info: Vendor Id =x x, Device Id =x x, Class Code =x x, Seg Bus Dev Func =x x x x x",computation,324
60960,1171445407,tg-c401,DEV,+ Platform Specific Error Detail:,computation,324
60961,1171445407,tg-c401,MEM,"Physical Address x, Address Mask: x, Node: x, Card: x, Module: x, Bank: x, Device: x, Row: x, Column: x,",computation,324
60962,1171445407,tg-c401,MEM,"Physical Address x, Address Mask: x, Node: x, Card: x, Module: x, Bank: x, Device: x, Row: x, Column: x,",computation,324
60963,1171445421,tg-c401,DEV,+BEGIN HARDWARE ERROR STATE AT CPE,computation,324
60964,1171445421,tg-c401,DEV,+END HARDWARE ERROR STATE AT CPE,computation,324
60965,1171445421,tg-c401,DEV,+Platform PCI Component Error Info Section,computation,324
60966,1171445421,tg-c401,DEV,+Platform Specific Error Info Section,computation,324
60967,1171445421,tg-c401,DEV,"Component Info: Vendor Id =x x, Device Id =x x, Class Code =x x, Seg Bus Dev Func =x x x x x",computation,324
60968,1171445421,tg-c401,DEV,"Component Info: Vendor Id =x x, Device Id =x x, Class Code =x x, Seg Bus Dev Func =x x x x x",computation,324
60969,1171445421,tg-c401,DEV,"Component Info: Vendor Id =x x, Device Id =x x, Class Code =x x, Seg Bus Dev Func =x x x x x",computation,324
60970,1171445421,tg-c401,DEV,"Component Info: Vendor Id =x x, Device Id =x x, Class Code =x x, Seg Bus Dev Func =x x x x x",computation,324
60971,1171445421,tg-c401,DEV,+ Platform Specific Error Detail:,computation,324
60972,1171445421,tg-c401,MEM,"Physical Address x, Address Mask: x, Node: x, Card: x, Module: x, Bank: x, Device: x, Row: x, Column: x,",computation,324
60973,1171445421,tg-c401,MEM,"Physical Address x, Address Mask: x, Node: x, Card: x, Module: x, Bank: x, Device: x, Row: x, Column: x,",computation,324
60974,1171445427,tg-c401,DEV,+BEGIN HARDWARE ERROR STATE AT CPE,computation,324
60975,1171445427,tg-c401,DEV,+Platform PCI Component Error Info Section,computation,324
60976,1171445427,tg-c401,DEV,"Component Info: Vendor Id =x x, Device Id =x x, Class Code =x x, Seg Bus Dev Func =x x x x x",computation,324
60977,1171445428,tg-c401,DEV,+Platform Specific Error Info Section,computation,324
60978,1171445428,tg-c401,DEV,"Component Info: Vendor Id =x x, Device Id =x x, Class Code =x x, Seg Bus Dev Func =x x x x x",computation,324
60979,1171445428,tg-c401,DEV,"Component Info: Vendor Id =x x, Device Id =x x, Class Code =x x, Seg Bus Dev Func =x x x x x",computation,324
60980,1171445428,tg-c401,DEV,"Component Info: Vendor Id =x x, Device Id =x x, Class Code =x x, Seg Bus Dev Func =x x x x x",computation,324
60981,1171445428,tg-c401,DEV,+ Platform Specific Error Detail:,computation,324
60982,1171445428,tg-c401,MEM,"Physical Address x, Address Mask: x, Node: x, Card: x, Module: x, Bank: x, Device: x, Row: x, Column: x,",computation,324
60983,1171445428,tg-c401,MEM,"Physical Address x, Address Mask: x, Node: x, Card: x, Module: x, Bank: x, Device: x, Row: x, Column: x,",computation,324
60984,1171445475,tg-c401,DEV,+BEGIN HARDWARE ERROR STATE AT CPE,computation,324
60985,1171445475,tg-c401,DEV,+Platform PCI Component Error Info Section,computation,324
60986,1171445475,tg-c401,DEV,"Component Info: Vendor Id =x x, Device Id =x x, Class Code =x x, Seg Bus Dev Func =x x x x x",computation,324
60987,1171445475,tg-c401,DEV,"Component Info: Vendor Id =x x, Device Id =x x, Class Code =x x, Seg Bus Dev Func =x x x x x",computation,324
60988,1171445475,tg-c401,DEV,"Component Info: Vendor Id =x x, Device Id =x x, Class Code =x x, Seg Bus Dev Func =x x x x x",computation,324
60989,1171445476,tg-c401,DEV,+END HARDWARE ERROR STATE AT CPE,computation,324
60990,1171445476,tg-c401,DEV,+Platform Specific Error Info Section,computation,324
60991,1171445476,tg-c401,DEV,"Component Info: Vendor Id =x x, Device Id =x x, Class Code =x x, Seg Bus Dev Func =x x x x x",computation,324
60992,1171445476,tg-c401,DEV,+ Platform Specific Error Detail:,computation,324
60993,1171445476,tg-c401,MEM,"Physical Address x, Address Mask: x, Node: x, Card: x, Module: x, Bank: x, Device: x, Row: x, Column: x,",computation,324
60994,1171445476,tg-c401,MEM,"Physical Address x, Address Mask: x, Node: x, Card: x, Module: x, Bank: x, Device: x, Row: x, Column: x,",computation,324
60995,1171445492,tg-c401,DEV,+BEGIN HARDWARE ERROR STATE AT CPE,computation,324
60996,1171445492,tg-c401,DEV,+Platform PCI Component Error Info Section,computation,324
60997,1171445492,tg-c401,DEV,+Platform Specific Error Info Section,computation,324
60998,1171445492,tg-c401,DEV,"Component Info: Vendor Id =x x, Device Id =x x, Class Code =x x, Seg Bus Dev Func =x x x x x",computation,324
60999,1171445492,tg-c401,DEV,"Component Info: Vendor Id =x x, Device Id =x x, Class Code =x x, Seg Bus Dev Func =x x x x x",computation,324
61000,1171445492,tg-c401,DEV,"Component Info: Vendor Id =x x, Device Id =x x, Class Code =x x, Seg Bus Dev Func =x x x x x",computation,324
61001,1171445492,tg-c401,DEV,"Component Info: Vendor Id =x x, Device Id =x x, Class Code =x x, Seg Bus Dev Func =x x x x x",computation,324
61002,1171445492,tg-c401,DEV,+ Platform Specific Error Detail:,computation,324
61003,1171445492,tg-c401,MEM,"Physical Address x, Address Mask: x, Node: x, Card: x, Module: x, Bank: x, Device: x, Row: x, Column: x,",computation,324
61004,1171445492,tg-c401,MEM,"Physical Address x, Address Mask: x, Node: x, Card: x, Module: x, Bank: x, Device: x, Row: x, Column: x,",computation,324
61005,1171445554,tg-c401,DEV,+BEGIN HARDWARE ERROR STATE AT CPE,computation,324
61006,1171445554,tg-c401,DEV,+Platform PCI Component Error Info Section,computation,324
61007,1171445554,tg-c401,DEV,"Component Info: Vendor Id =x x, Device Id =x x, Class Code =x x, Seg Bus Dev Func =x x x x x",computation,324
61008,1171445554,tg-c401,DEV,"Component Info: Vendor Id =x x, Device Id =x x, Class Code =x x, Seg Bus Dev Func =x x x x x",computation,324
61009,1171445555,tg-c401,DEV,+END HARDWARE ERROR STATE AT CPE,computation,324
61010,1171445555,tg-c401,DEV,+Platform Specific Error Info Section,computation,324
61011,1171445555,tg-c401,DEV,"Component Info: Vendor Id =x x, Device Id =x x, Class Code =x x, Seg Bus Dev Func =x x x x x",computation,324
61012,1171445555,tg-c401,DEV,+ Platform Specific Error Detail:,computation,324
61013,1171445555,tg-c401,MEM,"Physical Address x, Address Mask: x, Node: x, Card: x, Module: x, Bank: x, Device: x, Row: x, Column: x,",computation,324
61014,1171445555,tg-c401,MEM,"Physical Address x, Address Mask: x, Node: x, Card: x, Module: x, Bank: x, Device: x, Row: x, Column: x,",computation,324
61015,1171445566,tg-c401,DEV,+BEGIN HARDWARE ERROR STATE AT CPE,computation,324
61016,1171445566,tg-c401,DEV,+END HARDWARE ERROR STATE AT CPE,computation,324
61017,1171445566,tg-c401,DEV,+Platform PCI Component Error Info Section,computation,324
61018,1171445566,tg-c401,DEV,+Platform Specific Error Info Section,computation,324
61019,1171445566,tg-c401,DEV,"Component Info: Vendor Id =x x, Device Id =x x, Class Code =x x, Seg Bus Dev Func =x x x x x",computation,324
61020,1171445566,tg-c401,DEV,"Component Info: Vendor Id =x x, Device Id =x x, Class Code =x x, Seg Bus Dev Func =x x x x x",computation,324
61021,1171445566,tg-c401,DEV,"Component Info: Vendor Id =x x, Device Id =x x, Class Code =x x, Seg Bus Dev Func =x x x x x",computation,324
61022,1171445566,tg-c401,DEV,"Component Info: Vendor Id =x x, Device Id =x x, Class Code =x x, Seg Bus Dev Func =x x x x x",computation,324
61023,1171445566,tg-c401,DEV,+ Platform Specific Error Detail:,computation,324
61024,1171445566,tg-c401,MEM,"Physical Address x, Address Mask: x, Node: x, Card: x, Module: x, Bank: x, Device: x, Row: x, Column: x,",computation,324
61025,1171445566,tg-c401,MEM,"Physical Address x, Address Mask: x, Node: x, Card: x, Module: x, Bank: x, Device: x, Row: x, Column: x,",computation,324
61026,1171445585,tg-c401,DEV,+BEGIN HARDWARE ERROR STATE AT CPE,computation,324
61027,1171445585,tg-c401,DEV,+Platform PCI Component Error Info Section,computation,324
61028,1171445585,tg-c401,DEV,"Component Info: Vendor Id =x x, Device Id =x x, Class Code =x x, Seg Bus Dev Func =x x x x x",computation,324
61029,1171445586,tg-c401,DEV,+Platform PCI Component Error Info Section,computation,324
61030,1171445586,tg-c401,DEV,+Platform Specific Error Info Section,computation,324
61031,1171445586,tg-c401,DEV,"Component Info: Vendor Id =x x, Device Id =x x, Class Code =x x, Seg Bus Dev Func =x x x x x",computation,324
61032,1171445586,tg-c401,DEV,"Component Info: Vendor Id =x x, Device Id =x x, Class Code =x x, Seg Bus Dev Func =x x x x x",computation,324
61033,1171445586,tg-c401,DEV,"Component Info: Vendor Id =x x, Device Id =x x, Class Code =x x, Seg Bus Dev Func =x x x x x",computation,324
61034,1171445586,tg-c401,DEV,+ Platform Specific Error Detail:,computation,324
61035,1171445586,tg-c401,MEM,"Physical Address x, Address Mask: x, Node: x, Card: x, Module: x, Bank: x, Device: x, Row: x, Column: x,",computation,324
61036,1171445586,tg-c401,MEM,"Physical Address x, Address Mask: x, Node: x, Card: x, Module: x, Bank: x, Device: x, Row: x, Column: x,",computation,324
61037,1171445654,tg-c401,DEV,+BEGIN HARDWARE ERROR STATE AT CPE,computation,324
61038,1171445654,tg-c401,DEV,+Platform PCI Component Error Info Section,computation,324
61039,1171445654,tg-c401,DEV,"Component Info: Vendor Id =x x, Device Id =x x, Class Code =x x, Seg Bus Dev Func =x x x x x",computation,324
61040,1171445654,tg-c401,DEV,"Component Info: Vendor Id =x x, Device Id =x x, Class Code =x x, Seg Bus Dev Func =x x x x x",computation,324
61041,1171445655,tg-c401,DEV,+END HARDWARE ERROR STATE AT CPE,computation,324
61042,1171445655,tg-c401,DEV,+Platform PCI Component Error Info Section,computation,324
61043,1171445655,tg-c401,DEV,+Platform Specific Error Info Section,computation,324
61044,1171445655,tg-c401,DEV,"Component Info: Vendor Id =x x, Device Id =x x, Class Code =x x, Seg Bus Dev Func =x x x x x",computation,324
61045,1171445655,tg-c401,DEV,"Component Info: Vendor Id =x x, Device Id =x x, Class Code =x x, Seg Bus Dev Func =x x x x x",computation,324
61046,1171445655,tg-c401,DEV,+ Platform Specific Error Detail:,computation,324
61047,1171445655,tg-c401,MEM,"Physical Address x, Address Mask: x, Node: x, Card: x, Module: x, Bank: x, Device: x, Row: x, Column: x,",computation,324
61048,1171445655,tg-c401,MEM,"Physical Address x, Address Mask: x, Node: x, Card: x, Module: x, Bank: x, Device: x, Row: x, Column: x,",computation,324
61049,1171445699,tg-c401,DEV,+BEGIN HARDWARE ERROR STATE AT CPE,computation,324
61050,1171445699,tg-c401,DEV,+END HARDWARE ERROR STATE AT CPE,computation,324
61051,1171445699,tg-c401,DEV,+Platform PCI Component Error Info Section,computation,324
61052,1171445699,tg-c401,DEV,+Platform Specific Error Info Section,computation,324
61053,1171445699,tg-c401,DEV,"Component Info: Vendor Id =x x, Device Id =x x, Class Code =x x, Seg Bus Dev Func =x x x x x",computation,324
61054,1171445699,tg-c401,DEV,"Component Info: Vendor Id =x x, Device Id =x x, Class Code =x x, Seg Bus Dev Func =x x x x x",computation,324
61055,1171445699,tg-c401,DEV,"Component Info: Vendor Id =x x, Device Id =x x, Class Code =x x, Seg Bus Dev Func =x x x x x",computation,324
61056,1171445699,tg-c401,DEV,"Component Info: Vendor Id =x x, Device Id =x x, Class Code =x x, Seg Bus Dev Func =x x x x x",computation,324
61057,1171445699,tg-c401,DEV,+ Platform Specific Error Detail:,computation,324
61058,1171445699,tg-c401,MEM,"Physical Address x, Address Mask: x, Node: x, Card: x, Module: x, Bank: x, Device: x, Row: x, Column: x,",computation,324
61059,1171445699,tg-c401,MEM,"Physical Address x, Address Mask: x, Node: x, Card: x, Module: x, Bank: x, Device: x, Row: x, Column: x,",computation,324
61060,1171445708,tg-c401,DEV,+BEGIN HARDWARE ERROR STATE AT CPE,computation,324
61061,1171445708,tg-c401,DEV,+END HARDWARE ERROR STATE AT CPE,computation,324
61062,1171445708,tg-c401,DEV,+Platform PCI Component Error Info Section,computation,324
61063,1171445708,tg-c401,DEV,+Platform Specific Error Info Section,computation,324
61064,1171445708,tg-c401,DEV,"Component Info: Vendor Id =x x, Device Id =x x, Class Code =x x, Seg Bus Dev Func =x x x x x",computation,324
61065,1171445708,tg-c401,DEV,"Component Info: Vendor Id =x x, Device Id =x x, Class Code =x x, Seg Bus Dev Func =x x x x x",computation,324
61066,1171445708,tg-c401,DEV,"Component Info: Vendor Id =x x, Device Id =x x, Class Code =x x, Seg Bus Dev Func =x x x x x",computation,324
61067,1171445708,tg-c401,DEV,+ Platform Specific Error Detail:,computation,324
61068,1171445708,tg-c401,MEM,"Physical Address x, Address Mask: x, Node: x, Card: x, Module: x, Bank: x, Device: x, Row: x, Column: x,",computation,324
61069,1171445708,tg-c401,MEM,"Physical Address x, Address Mask: x, Node: x, Card: x, Module: x, Bank: x, Device: x, Row: x, Column: x,",computation,324
61070,1171445713,tg-c401,DEV,+BEGIN HARDWARE ERROR STATE AT CPE,computation,324
61071,1171445713,tg-c401,DEV,+END HARDWARE ERROR STATE AT CPE,computation,324
61072,1171445713,tg-c401,DEV,+Platform PCI Component Error Info Section,computation,324
61073,1171445713,tg-c401,DEV,+Platform Specific Error Info Section,computation,324
61074,1171445713,tg-c401,DEV,"Component Info: Vendor Id =x x, Device Id =x x, Class Code =x x, Seg Bus Dev Func =x x x x x",computation,324
61075,1171445713,tg-c401,DEV,"Component Info: Vendor Id =x x, Device Id =x x, Class Code =x x, Seg Bus Dev Func =x x x x x",computation,324
61076,1171445713,tg-c401,DEV,"Component Info: Vendor Id =x x, Device Id =x x, Class Code =x x, Seg Bus Dev Func =x x x x x",computation,324
61077,1171445713,tg-c401,DEV,+ Platform Specific Error Detail:,computation,324
61078,1171445713,tg-c401,MEM,"Physical Address x, Address Mask: x, Node: x, Card: x, Module: x, Bank: x, Device: x, Row: x, Column: x,",computation,324
61079,1171445713,tg-c401,MEM,"Physical Address x, Address Mask: x, Node: x, Card: x, Module: x, Bank: x, Device: x, Row: x, Column: x,",computation,324
61080,1171445734,tg-c401,DEV,+BEGIN HARDWARE ERROR STATE AT CPE,computation,324
61081,1171445734,tg-c401,DEV,+END HARDWARE ERROR STATE AT CPE,computation,324
61082,1171445734,tg-c401,DEV,+Platform PCI Component Error Info Section,computation,324
61083,1171445734,tg-c401,DEV,+Platform Specific Error Info Section,computation,324
61084,1171445734,tg-c401,DEV,"Component Info: Vendor Id =x x, Device Id =x x, Class Code =x x, Seg Bus Dev Func =x x x x x",computation,324
61085,1171445734,tg-c401,DEV,"Component Info: Vendor Id =x x, Device Id =x x, Class Code =x x, Seg Bus Dev Func =x x x x x",computation,324
61086,1171445734,tg-c401,DEV,"Component Info: Vendor Id =x x, Device Id =x x, Class Code =x x, Seg Bus Dev Func =x x x x x",computation,324
61087,1171445734,tg-c401,DEV,"Component Info: Vendor Id =x x, Device Id =x x, Class Code =x x, Seg Bus Dev Func =x x x x x",computation,324
61088,1171445734,tg-c401,DEV,+ Platform Specific Error Detail:,computation,324
61089,1171445734,tg-c401,MEM,"Physical Address x, Address Mask: x, Node: x, Card: x, Module: x, Bank: x, Device: x, Row: x, Column: x,",computation,324
61090,1171445734,tg-c401,MEM,"Physical Address x, Address Mask: x, Node: x, Card: x, Module: x, Bank: x, Device: x, Row: x, Column: x,",computation,324
61091,1171445745,tg-c401,DEV,+BEGIN HARDWARE ERROR STATE AT CPE,computation,324
61092,1171445745,tg-c401,DEV,+END HARDWARE ERROR STATE AT CPE,computation,324
61093,1171445745,tg-c401,DEV,+Platform PCI Component Error Info Section,computation,324
61094,1171445745,tg-c401,DEV,+Platform Specific Error Info Section,computation,324
61095,1171445745,tg-c401,DEV,"Component Info: Vendor Id =x x, Device Id =x x, Class Code =x x, Seg Bus Dev Func =x x x x x",computation,324
61096,1171445745,tg-c401,DEV,"Component Info: Vendor Id =x x, Device Id =x x, Class Code =x x, Seg Bus Dev Func =x x x x x",computation,324
61097,1171445745,tg-c401,DEV,"Component Info: Vendor Id =x x, Device Id =x x, Class Code =x x, Seg Bus Dev Func =x x x x x",computation,324
61098,1171445745,tg-c401,DEV,+ Platform Specific Error Detail:,computation,324
61099,1171445745,tg-c401,MEM,"Physical Address x, Address Mask: x, Node: x, Card: x, Module: x, Bank: x, Device: x, Row: x, Column: x,",computation,324
61100,1171445745,tg-c401,MEM,"Physical Address x, Address Mask: x, Node: x, Card: x, Module: x, Bank: x, Device: x, Row: x, Column: x,",computation,324
61101,1171445804,tg-c401,DEV,+BEGIN HARDWARE ERROR STATE AT CPE,computation,324
61102,1171445804,tg-c401,DEV,+Platform PCI Component Error Info Section,computation,324
61103,1171445804,tg-c401,DEV,"Component Info: Vendor Id =x x, Device Id =x x, Class Code =x x, Seg Bus Dev Func =x x x x x",computation,324
61104,1171445804,tg-c401,DEV,"Component Info: Vendor Id =x x, Device Id =x x, Class Code =x x, Seg Bus Dev Func =x x x x x",computation,324
61105,1171445804,tg-c401,DEV,+ Platform Specific Error Detail:,computation,324
61106,1171445954,tg-c401,DEV,+BEGIN HARDWARE ERROR STATE AT CPE,computation,324
61107,1171445954,tg-c401,DEV,+Platform PCI Component Error Info Section,computation,324
61108,1171445954,tg-c401,DEV,"Component Info: Vendor Id =x x, Device Id =x x, Class Code =x x, Seg Bus Dev Func =x x x x x",computation,324
61109,1171445954,tg-c401,DEV,"Component Info: Vendor Id =x x, Device Id =x x, Class Code =x x, Seg Bus Dev Func =x x x x x",computation,324
61110,1171445954,tg-c401,DEV,"Component Info: Vendor Id =x x, Device Id =x x, Class Code =x x, Seg Bus Dev Func =x x x x x",computation,324
61111,1171445955,tg-c401,DEV,+END HARDWARE ERROR STATE AT CPE,computation,324
61112,1171445955,tg-c401,DEV,+Platform Specific Error Info Section,computation,324
61113,1171445955,tg-c401,DEV,"Component Info: Vendor Id =x x, Device Id =x x, Class Code =x x, Seg Bus Dev Func =x x x x x",computation,324
61114,1171445955,tg-c401,DEV,+ Platform Specific Error Detail:,computation,324
61115,1171445955,tg-c401,MEM,"Physical Address x, Address Mask: x, Node: x, Card: x, Module: x, Bank: x, Device: x, Row: x, Column: x,",computation,324
61116,1171445955,tg-c401,MEM,"Physical Address x, Address Mask: x, Node: x, Card: x, Module: x, Bank: x, Device: x, Row: x, Column: x,",computation,324
61117,1171445961,tg-c401,DEV,+BEGIN HARDWARE ERROR STATE AT CPE,computation,324
61118,1171445961,tg-c401,DEV,+END HARDWARE ERROR STATE AT CPE,computation,324
61119,1171445961,tg-c401,DEV,+Platform PCI Component Error Info Section,computation,324
61120,1171445961,tg-c401,DEV,+Platform Specific Error Info Section,computation,324
61121,1171445961,tg-c401,DEV,"Component Info: Vendor Id =x x, Device Id =x x, Class Code =x x, Seg Bus Dev Func =x x x x x",computation,324
61122,1171445961,tg-c401,DEV,"Component Info: Vendor Id =x x, Device Id =x x, Class Code =x x, Seg Bus Dev Func =x x x x x",computation,324
61123,1171445961,tg-c401,DEV,"Component Info: Vendor Id =x x, Device Id =x x, Class Code =x x, Seg Bus Dev Func =x x x x x",computation,324
61124,1171445961,tg-c401,DEV,"Component Info: Vendor Id =x x, Device Id =x x, Class Code =x x, Seg Bus Dev Func =x x x x x",computation,324
61125,1171445961,tg-c401,DEV,+ Platform Specific Error Detail:,computation,324
61126,1171445961,tg-c401,MEM,"Physical Address x, Address Mask: x, Node: x, Card: x, Module: x, Bank: x, Device: x, Row: x, Column: x,",computation,324
61127,1171445961,tg-c401,MEM,"Physical Address x, Address Mask: x, Node: x, Card: x, Module: x, Bank: x, Device: x, Row: x, Column: x,",computation,324
61128,1171445965,tg-c401,DEV,+BEGIN HARDWARE ERROR STATE AT CPE,computation,324
61129,1171445965,tg-c401,DEV,+END HARDWARE ERROR STATE AT CPE,computation,324
61130,1171445965,tg-c401,DEV,+Platform PCI Component Error Info Section,computation,324
61131,1171445965,tg-c401,DEV,"Component Info: Vendor Id =x x, Device Id =x x, Class Code =x x, Seg Bus Dev Func =x x x x x",computation,324
61132,1171445965,tg-c401,DEV,"Component Info: Vendor Id =x x, Device Id =x x, Class Code =x x, Seg Bus Dev Func =x x x x x",computation,324
61133,1171445965,tg-c401,DEV,"Component Info: Vendor Id =x x, Device Id =x x, Class Code =x x, Seg Bus Dev Func =x x x x x",computation,324
61134,1171445965,tg-c401,DEV,"Component Info: Vendor Id =x x, Device Id =x x, Class Code =x x, Seg Bus Dev Func =x x x x x",computation,324
61135,1171445965,tg-c401,DEV,+ Platform Specific Error Detail:,computation,324
61136,1171445965,tg-c401,MEM,"Physical Address x, Address Mask: x, Node: x, Card: x, Module: x, Bank: x, Device: x, Row: x, Column: x,",computation,324
61137,1171445965,tg-c401,MEM,"Physical Address x, Address Mask: x, Node: x, Card: x, Module: x, Bank: x, Device: x, Row: x, Column: x,",computation,324
61138,1171445976,tg-c401,DEV,+BEGIN HARDWARE ERROR STATE AT CPE,computation,324
61139,1171445976,tg-c401,DEV,+END HARDWARE ERROR STATE AT CPE,computation,324
61140,1171445976,tg-c401,DEV,+Platform PCI Component Error Info Section,computation,324
61141,1171445976,tg-c401,DEV,+Platform Specific Error Info Section,computation,324
61142,1171445976,tg-c401,DEV,"Component Info: Vendor Id =x x, Device Id =x x, Class Code =x x, Seg Bus Dev Func =x x x x x",computation,324
61143,1171445976,tg-c401,DEV,"Component Info: Vendor Id =x x, Device Id =x x, Class Code =x x, Seg Bus Dev Func =x x x x x",computation,324
61144,1171445976,tg-c401,DEV,"Component Info: Vendor Id =x x, Device Id =x x, Class Code =x x, Seg Bus Dev Func =x x x x x",computation,324
61145,1171445976,tg-c401,DEV,"Component Info: Vendor Id =x x, Device Id =x x, Class Code =x x, Seg Bus Dev Func =x x x x x",computation,324
61146,1171445976,tg-c401,DEV,+ Platform Specific Error Detail:,computation,324
61147,1171445976,tg-c401,MEM,"Physical Address x, Address Mask: x, Node: x, Card: x, Module: x, Bank: x, Device: x, Row: x, Column: x,",computation,324
61148,1171445976,tg-c401,MEM,"Physical Address x, Address Mask: x, Node: x, Card: x, Module: x, Bank: x, Device: x, Row: x, Column: x,",computation,324
61149,1171445977,tg-c401,DEV,+BEGIN HARDWARE ERROR STATE AT CPE,computation,324
61150,1171445977,tg-c401,DEV,+END HARDWARE ERROR STATE AT CPE,computation,324
61151,1171445977,tg-c401,DEV,+Platform PCI Component Error Info Section,computation,324
61152,1171445977,tg-c401,DEV,+Platform Specific Error Info Section,computation,324
61153,1171445977,tg-c401,DEV,"Component Info: Vendor Id =x x, Device Id =x x, Class Code =x x, Seg Bus Dev Func =x x x x x",computation,324
61154,1171445977,tg-c401,DEV,"Component Info: Vendor Id =x x, Device Id =x x, Class Code =x x, Seg Bus Dev Func =x x x x x",computation,324
61155,1171445977,tg-c401,DEV,"Component Info: Vendor Id =x x, Device Id =x x, Class Code =x x, Seg Bus Dev Func =x x x x x",computation,324
61156,1171445977,tg-c401,DEV,"Component Info: Vendor Id =x x, Device Id =x x, Class Code =x x, Seg Bus Dev Func =x x x x x",computation,324
61157,1171445977,tg-c401,DEV,+ Platform Specific Error Detail:,computation,324
61158,1171445977,tg-c401,MEM,"Physical Address x, Address Mask: x, Node: x, Card: x, Module: x, Bank: x, Device: x, Row: x, Column: x,",computation,324
61159,1171445977,tg-c401,MEM,"Physical Address x, Address Mask: x, Node: x, Card: x, Module: x, Bank: x, Device: x, Row: x, Column: x,",computation,324
61160,1171445982,tg-c401,DEV,+BEGIN HARDWARE ERROR STATE AT CPE,computation,324
61161,1171445982,tg-c401,DEV,+END HARDWARE ERROR STATE AT CPE,computation,324
61162,1171445982,tg-c401,DEV,+Platform PCI Component Error Info Section,computation,324
61163,1171445982,tg-c401,DEV,+Platform Specific Error Info Section,computation,324
61164,1171445982,tg-c401,DEV,"Component Info: Vendor Id =x x, Device Id =x x, Class Code =x x, Seg Bus Dev Func =x x x x x",computation,324
61165,1171445982,tg-c401,DEV,"Component Info: Vendor Id =x x, Device Id =x x, Class Code =x x, Seg Bus Dev Func =x x x x x",computation,324
61166,1171445982,tg-c401,DEV,"Component Info: Vendor Id =x x, Device Id =x x, Class Code =x x, Seg Bus Dev Func =x x x x x",computation,324
61167,1171445982,tg-c401,DEV,"Component Info: Vendor Id =x x, Device Id =x x, Class Code =x x, Seg Bus Dev Func =x x x x x",computation,324
61168,1171445982,tg-c401,DEV,+ Platform Specific Error Detail:,computation,324
61169,1171445982,tg-c401,MEM,"Physical Address x, Address Mask: x, Node: x, Card: x, Module: x, Bank: x, Device: x, Row: x, Column: x,",computation,324
61170,1171445982,tg-c401,MEM,"Physical Address x, Address Mask: x, Node: x, Card: x, Module: x, Bank: x, Device: x, Row: x, Column: x,",computation,324
61171,1171446018,tg-c401,DEV,+BEGIN HARDWARE ERROR STATE AT CPE,computation,324
61172,1171446018,tg-c401,DEV,+Platform PCI Component Error Info Section,computation,324
61173,1171446018,tg-c401,DEV,"Component Info: Vendor Id =x x, Device Id =x x, Class Code =x x, Seg Bus Dev Func =x x x x x",computation,324
61174,1171446018,tg-c401,DEV,"Component Info: Vendor Id =x x, Device Id =x x, Class Code =x x, Seg Bus Dev Func =x x x x x",computation,324
61175,1171446019,tg-c401,DEV,+Platform Specific Error Info Section,computation,324
61176,1171446019,tg-c401,DEV,"Component Info: Vendor Id =x x, Device Id =x x, Class Code =x x, Seg Bus Dev Func =x x x x x",computation,324
61177,1171446019,tg-c401,DEV,"Component Info: Vendor Id =x x, Device Id =x x, Class Code =x x, Seg Bus Dev Func =x x x x x",computation,324
61178,1171446019,tg-c401,DEV,+ Platform Specific Error Detail:,computation,324
61179,1171446019,tg-c401,MEM,"Physical Address x, Address Mask: x, Node: x, Card: x, Module: x, Bank: x, Device: x, Row: x, Column: x,",computation,324
61180,1171446019,tg-c401,MEM,"Physical Address x, Address Mask: x, Node: x, Card: x, Module: x, Bank: x, Device: x, Row: x, Column: x,",computation,324
61181,1171446027,tg-c401,DEV,+BEGIN HARDWARE ERROR STATE AT CPE,computation,324
61182,1171446027,tg-c401,DEV,+END HARDWARE ERROR STATE AT CPE,computation,324
61183,1171446027,tg-c401,DEV,+Platform PCI Component Error Info Section,computation,324
61184,1171446027,tg-c401,DEV,+Platform Specific Error Info Section,computation,324
61185,1171446027,tg-c401,DEV,"Component Info: Vendor Id =x x, Device Id =x x, Class Code =x x, Seg Bus Dev Func =x x x x x",computation,324
61186,1171446027,tg-c401,DEV,"Component Info: Vendor Id =x x, Device Id =x x, Class Code =x x, Seg Bus Dev Func =x x x x x",computation,324
61187,1171446027,tg-c401,DEV,"Component Info: Vendor Id =x x, Device Id =x x, Class Code =x x, Seg Bus Dev Func =x x x x x",computation,324
61188,1171446027,tg-c401,DEV,"Component Info: Vendor Id =x x, Device Id =x x, Class Code =x x, Seg Bus Dev Func =x x x x x",computation,324
61189,1171446027,tg-c401,DEV,+ Platform Specific Error Detail:,computation,324
61190,1171446027,tg-c401,MEM,"Physical Address x, Address Mask: x, Node: x, Card: x, Module: x, Bank: x, Device: x, Row: x, Column: x,",computation,324
61191,1171446027,tg-c401,MEM,"Physical Address x, Address Mask: x, Node: x, Card: x, Module: x, Bank: x, Device: x, Row: x, Column: x,",computation,324
61192,1171446030,tg-c401,DEV,+BEGIN HARDWARE ERROR STATE AT CPE,computation,324
61193,1171446030,tg-c401,DEV,+Platform PCI Component Error Info Section,computation,324
61194,1171446030,tg-c401,DEV,"Component Info: Vendor Id =x x, Device Id =x x, Class Code =x x, Seg Bus Dev Func =x x x x x",computation,324
61195,1171446030,tg-c401,DEV,"Component Info: Vendor Id =x x, Device Id =x x, Class Code =x x, Seg Bus Dev Func =x x x x x",computation,324
61196,1171446030,tg-c401,DEV,"Component Info: Vendor Id =x x, Device Id =x x, Class Code =x x, Seg Bus Dev Func =x x x x x",computation,324
61197,1171446031,tg-c401,DEV,+Platform Specific Error Info Section,computation,324
61198,1171446031,tg-c401,DEV,"Component Info: Vendor Id =x x, Device Id =x x, Class Code =x x, Seg Bus Dev Func =x x x x x",computation,324
61199,1171446031,tg-c401,MEM,"Physical Address x, Address Mask: x, Node: x, Card: x, Module: x, Bank: x, Device: x, Row: x, Column: x,",computation,324
61200,1171446031,tg-c401,MEM,"Physical Address x, Address Mask: x, Node: x, Card: x, Module: x, Bank: x, Device: x, Row: x, Column: x,",computation,324
61201,1171446034,tg-c401,DEV,+BEGIN HARDWARE ERROR STATE AT CPE,computation,324
61202,1171446034,tg-c401,DEV,+Platform PCI Component Error Info Section,computation,324
61203,1171446034,tg-c401,DEV,+Platform Specific Error Info Section,computation,324
61204,1171446034,tg-c401,DEV,"Component Info: Vendor Id =x x, Device Id =x x, Class Code =x x, Seg Bus Dev Func =x x x x x",computation,324
61205,1171446034,tg-c401,DEV,"Component Info: Vendor Id =x x, Device Id =x x, Class Code =x x, Seg Bus Dev Func =x x x x x",computation,324
61206,1171446034,tg-c401,DEV,"Component Info: Vendor Id =x x, Device Id =x x, Class Code =x x, Seg Bus Dev Func =x x x x x",computation,324
61207,1171446034,tg-c401,DEV,"Component Info: Vendor Id =x x, Device Id =x x, Class Code =x x, Seg Bus Dev Func =x x x x x",computation,324
61208,1171446034,tg-c401,DEV,+ Platform Specific Error Detail:,computation,324
61209,1171446034,tg-c401,MEM,"Physical Address x, Address Mask: x, Node: x, Card: x, Module: x, Bank: x, Device: x, Row: x, Column: x,",computation,324
61210,1171446034,tg-c401,MEM,"Physical Address x, Address Mask: x, Node: x, Card: x, Module: x, Bank: x, Device: x, Row: x, Column: x,",computation,324
61211,1171446038,tg-c401,DEV,+BEGIN HARDWARE ERROR STATE AT CPE,computation,324
61212,1171446038,tg-c401,DEV,+END HARDWARE ERROR STATE AT CPE,computation,324
61213,1171446038,tg-c401,DEV,+Platform PCI Component Error Info Section,computation,324
61214,1171446038,tg-c401,DEV,+Platform Specific Error Info Section,computation,324
61215,1171446038,tg-c401,DEV,"Component Info: Vendor Id =x x, Device Id =x x, Class Code =x x, Seg Bus Dev Func =x x x x x",computation,324
61216,1171446038,tg-c401,DEV,"Component Info: Vendor Id =x x, Device Id =x x, Class Code =x x, Seg Bus Dev Func =x x x x x",computation,324
61217,1171446038,tg-c401,DEV,"Component Info: Vendor Id =x x, Device Id =x x, Class Code =x x, Seg Bus Dev Func =x x x x x",computation,324
61218,1171446038,tg-c401,DEV,"Component Info: Vendor Id =x x, Device Id =x x, Class Code =x x, Seg Bus Dev Func =x x x x x",computation,324
61219,1171446038,tg-c401,DEV,+ Platform Specific Error Detail:,computation,324
61220,1171446038,tg-c401,MEM,"Physical Address x, Address Mask: x, Node: x, Card: x, Module: x, Bank: x, Device: x, Row: x, Column: x,",computation,324
61221,1171446038,tg-c401,MEM,"Physical Address x, Address Mask: x, Node: x, Card: x, Module: x, Bank: x, Device: x, Row: x, Column: x,",computation,324
61222,1171446043,tg-c401,DEV,+BEGIN HARDWARE ERROR STATE AT CPE,computation,324
61223,1171446043,tg-c401,DEV,+END HARDWARE ERROR STATE AT CPE,computation,324
61224,1171446043,tg-c401,DEV,+Platform PCI Component Error Info Section,computation,324
61225,1171446043,tg-c401,DEV,+Platform Specific Error Info Section,computation,324
61226,1171446043,tg-c401,DEV,"Component Info: Vendor Id =x x, Device Id =x x, Class Code =x x, Seg Bus Dev Func =x x x x x",computation,324
61227,1171446043,tg-c401,DEV,"Component Info: Vendor Id =x x, Device Id =x x, Class Code =x x, Seg Bus Dev Func =x x x x x",computation,324
61228,1171446043,tg-c401,DEV,"Component Info: Vendor Id =x x, Device Id =x x, Class Code =x x, Seg Bus Dev Func =x x x x x",computation,324
61229,1171446043,tg-c401,DEV,"Component Info: Vendor Id =x x, Device Id =x x, Class Code =x x, Seg Bus Dev Func =x x x x x",computation,324
61230,1171446043,tg-c401,DEV,+ Platform Specific Error Detail:,computation,324
61231,1171446043,tg-c401,MEM,"Physical Address x, Address Mask: x, Node: x, Card: x, Module: x, Bank: x, Device: x, Row: x, Column: x,",computation,324
61232,1171446043,tg-c401,MEM,"Physical Address x, Address Mask: x, Node: x, Card: x, Module: x, Bank: x, Device: x, Row: x, Column: x,",computation,324
61233,1171446113,tg-c401,DEV,+BEGIN HARDWARE ERROR STATE AT CPE,computation,324
61234,1171446113,tg-c401,DEV,+END HARDWARE ERROR STATE AT CPE,computation,324
61235,1171446113,tg-c401,DEV,+Platform PCI Component Error Info Section,computation,324
61236,1171446113,tg-c401,DEV,+Platform Specific Error Info Section,computation,324
61237,1171446113,tg-c401,DEV,"Component Info: Vendor Id =x x, Device Id =x x, Class Code =x x, Seg Bus Dev Func =x x x x x",computation,324
61238,1171446113,tg-c401,DEV,"Component Info: Vendor Id =x x, Device Id =x x, Class Code =x x, Seg Bus Dev Func =x x x x x",computation,324
61239,1171446113,tg-c401,DEV,"Component Info: Vendor Id =x x, Device Id =x x, Class Code =x x, Seg Bus Dev Func =x x x x x",computation,324
61240,1171446113,tg-c401,DEV,"Component Info: Vendor Id =x x, Device Id =x x, Class Code =x x, Seg Bus Dev Func =x x x x x",computation,324
61241,1171446113,tg-c401,DEV,+ Platform Specific Error Detail:,computation,324
61242,1171446113,tg-c401,MEM,"Physical Address x, Address Mask: x, Node: x, Card: x, Module: x, Bank: x, Device: x, Row: x, Column: x,",computation,324
61243,1171446113,tg-c401,MEM,"Physical Address x, Address Mask: x, Node: x, Card: x, Module: x, Bank: x, Device: x, Row: x, Column: x,",computation,324
61244,1171446116,tg-c401,DEV,+BEGIN HARDWARE ERROR STATE AT CPE,computation,324
61245,1171446116,tg-c401,DEV,+END HARDWARE ERROR STATE AT CPE,computation,324
61246,1171446116,tg-c401,DEV,+Platform PCI Component Error Info Section,computation,324
61247,1171446116,tg-c401,DEV,+Platform Specific Error Info Section,computation,324
61248,1171446116,tg-c401,DEV,"Component Info: Vendor Id =x x, Device Id =x x, Class Code =x x, Seg Bus Dev Func =x x x x x",computation,324
61249,1171446116,tg-c401,DEV,"Component Info: Vendor Id =x x, Device Id =x x, Class Code =x x, Seg Bus Dev Func =x x x x x",computation,324
61250,1171446116,tg-c401,DEV,"Component Info: Vendor Id =x x, Device Id =x x, Class Code =x x, Seg Bus Dev Func =x x x x x",computation,324
61251,1171446116,tg-c401,DEV,+ Platform Specific Error Detail:,computation,324
61252,1171446116,tg-c401,MEM,"Physical Address x, Address Mask: x, Node: x, Card: x, Module: x, Bank: x, Device: x, Row: x, Column: x,",computation,324
61253,1171446116,tg-c401,MEM,"Physical Address x, Address Mask: x, Node: x, Card: x, Module: x, Bank: x, Device: x, Row: x, Column: x,",computation,324
61254,1171446212,tg-c401,DEV,+BEGIN HARDWARE ERROR STATE AT CPE,computation,324
61255,1171446212,tg-c401,DEV,+END HARDWARE ERROR STATE AT CPE,computation,324
61256,1171446212,tg-c401,DEV,+Platform PCI Component Error Info Section,computation,324
61257,1171446212,tg-c401,DEV,+Platform Specific Error Info Section,computation,324
61258,1171446212,tg-c401,DEV,"Component Info: Vendor Id =x x, Device Id =x x, Class Code =x x, Seg Bus Dev Func =x x x x x",computation,324
61259,1171446212,tg-c401,DEV,"Component Info: Vendor Id =x x, Device Id =x x, Class Code =x x, Seg Bus Dev Func =x x x x x",computation,324
61260,1171446212,tg-c401,DEV,"Component Info: Vendor Id =x x, Device Id =x x, Class Code =x x, Seg Bus Dev Func =x x x x x",computation,324
61261,1171446212,tg-c401,DEV,"Component Info: Vendor Id =x x, Device Id =x x, Class Code =x x, Seg Bus Dev Func =x x x x x",computation,324
61262,1171446212,tg-c401,DEV,+ Platform Specific Error Detail:,computation,324
61263,1171446212,tg-c401,MEM,"Physical Address x, Address Mask: x, Node: x, Card: x, Module: x, Bank: x, Device: x, Row: x, Column: x,",computation,324
61264,1171446212,tg-c401,MEM,"Physical Address x, Address Mask: x, Node: x, Card: x, Module: x, Bank: x, Device: x, Row: x, Column: x,",computation,324
61265,1171446221,tg-c401,DEV,+BEGIN HARDWARE ERROR STATE AT CPE,computation,324
61266,1171446221,tg-c401,DEV,+END HARDWARE ERROR STATE AT CPE,computation,324
61267,1171446221,tg-c401,DEV,+Platform PCI Component Error Info Section,computation,324
61268,1171446221,tg-c401,DEV,+Platform Specific Error Info Section,computation,324
61269,1171446221,tg-c401,DEV,"Component Info: Vendor Id =x x, Device Id =x x, Class Code =x x, Seg Bus Dev Func =x x x x x",computation,324
61270,1171446221,tg-c401,DEV,"Component Info: Vendor Id =x x, Device Id =x x, Class Code =x x, Seg Bus Dev Func =x x x x x",computation,324
61271,1171446221,tg-c401,DEV,"Component Info: Vendor Id =x x, Device Id =x x, Class Code =x x, Seg Bus Dev Func =x x x x x",computation,324
61272,1171446221,tg-c401,DEV,+ Platform Specific Error Detail:,computation,324
61273,1171446221,tg-c401,MEM,"Physical Address x, Address Mask: x, Node: x, Card: x, Module: x, Bank: x, Device: x, Row: x, Column: x,",computation,324
61274,1171446221,tg-c401,MEM,"Physical Address x, Address Mask: x, Node: x, Card: x, Module: x, Bank: x, Device: x, Row: x, Column: x,",computation,324
61275,1171446232,tg-c401,DEV,+BEGIN HARDWARE ERROR STATE AT CPE,computation,324
61276,1171446232,tg-c401,DEV,+Platform PCI Component Error Info Section,computation,324
61277,1171446232,tg-c401,DEV,+Platform Specific Error Info Section,computation,324
61278,1171446232,tg-c401,DEV,"Component Info: Vendor Id =x x, Device Id =x x, Class Code =x x, Seg Bus Dev Func =x x x x x",computation,324
61279,1171446232,tg-c401,DEV,"Component Info: Vendor Id =x x, Device Id =x x, Class Code =x x, Seg Bus Dev Func =x x x x x",computation,324
61280,1171446232,tg-c401,DEV,"Component Info: Vendor Id =x x, Device Id =x x, Class Code =x x, Seg Bus Dev Func =x x x x x",computation,324
61281,1171446232,tg-c401,DEV,"Component Info: Vendor Id =x x, Device Id =x x, Class Code =x x, Seg Bus Dev Func =x x x x x",computation,324
61282,1171446232,tg-c401,MEM,"Physical Address x, Address Mask: x, Node: x, Card: x, Module: x, Bank: x, Device: x, Row: x, Column: x,",computation,324
61283,1171446232,tg-c401,MEM,"Physical Address x, Address Mask: x, Node: x, Card: x, Module: x, Bank: x, Device: x, Row: x, Column: x,",computation,324
61284,1171446233,tg-c401,DEV,+BEGIN HARDWARE ERROR STATE AT CPE,computation,324
61285,1171446233,tg-c401,DEV,+END HARDWARE ERROR STATE AT CPE,computation,324
61286,1171446233,tg-c401,DEV,+Platform PCI Component Error Info Section,computation,324
61287,1171446233,tg-c401,DEV,+Platform Specific Error Info Section,computation,324
61288,1171446233,tg-c401,DEV,"Component Info: Vendor Id =x x, Device Id =x x, Class Code =x x, Seg Bus Dev Func =x x x x x",computation,324
61289,1171446233,tg-c401,DEV,"Component Info: Vendor Id =x x, Device Id =x x, Class Code =x x, Seg Bus Dev Func =x x x x x",computation,324
61290,1171446233,tg-c401,DEV,"Component Info: Vendor Id =x x, Device Id =x x, Class Code =x x, Seg Bus Dev Func =x x x x x",computation,324
61291,1171446233,tg-c401,DEV,"Component Info: Vendor Id =x x, Device Id =x x, Class Code =x x, Seg Bus Dev Func =x x x x x",computation,324
61292,1171446233,tg-c401,DEV,+ Platform Specific Error Detail:,computation,324
61293,1171446233,tg-c401,MEM,"Physical Address x, Address Mask: x, Node: x, Card: x, Module: x, Bank: x, Device: x, Row: x, Column: x,",computation,324
61294,1171446233,tg-c401,MEM,"Physical Address x, Address Mask: x, Node: x, Card: x, Module: x, Bank: x, Device: x, Row: x, Column: x,",computation,324
61295,1171446238,tg-c401,DEV,+BEGIN HARDWARE ERROR STATE AT CPE,computation,324
61296,1171446238,tg-c401,DEV,+Platform PCI Component Error Info Section,computation,324
61297,1171446238,tg-c401,DEV,"Component Info: Vendor Id =x x, Device Id =x x, Class Code =x x, Seg Bus Dev Func =x x x x x",computation,324
61298,1171446238,tg-c401,DEV,"Component Info: Vendor Id =x x, Device Id =x x, Class Code =x x, Seg Bus Dev Func =x x x x x",computation,324
61299,1171446238,tg-c401,DEV,"Component Info: Vendor Id =x x, Device Id =x x, Class Code =x x, Seg Bus Dev Func =x x x x x",computation,324
61300,1171446239,tg-c401,DEV,+END HARDWARE ERROR STATE AT CPE,computation,324
61301,1171446239,tg-c401,DEV,+Platform PCI Component Error Info Section,computation,324
61302,1171446239,tg-c401,DEV,+Platform Specific Error Info Section,computation,324
61303,1171446239,tg-c401,DEV,"Component Info: Vendor Id =x x, Device Id =x x, Class Code =x x, Seg Bus Dev Func =x x x x x",computation,324
61304,1171446239,tg-c401,DEV,+ Platform Specific Error Detail:,computation,324
61305,1171446239,tg-c401,MEM,"Physical Address x, Address Mask: x, Node: x, Card: x, Module: x, Bank: x, Device: x, Row: x, Column: x,",computation,324
61306,1171446239,tg-c401,MEM,"Physical Address x, Address Mask: x, Node: x, Card: x, Module: x, Bank: x, Device: x, Row: x, Column: x,",computation,324
61307,1171446288,tg-c401,DEV,+BEGIN HARDWARE ERROR STATE AT CPE,computation,324
61308,1171446288,tg-c401,DEV,+Platform PCI Component Error Info Section,computation,324
61309,1171446288,tg-c401,DEV,"Component Info: Vendor Id =x x, Device Id =x x, Class Code =x x, Seg Bus Dev Func =x x x x x",computation,324
61310,1171446288,tg-c401,DEV,"Component Info: Vendor Id =x x, Device Id =x x, Class Code =x x, Seg Bus Dev Func =x x x x x",computation,324
61311,1171446288,tg-c401,DEV,"Component Info: Vendor Id =x x, Device Id =x x, Class Code =x x, Seg Bus Dev Func =x x x x x",computation,324
61312,1171446288,tg-c401,DEV,"Component Info: Vendor Id =x x, Device Id =x x, Class Code =x x, Seg Bus Dev Func =x x x x x",computation,324
61313,1171446289,tg-c401,DEV,+Platform Specific Error Info Section,computation,324
61314,1171446289,tg-c401,DEV,+ Platform Specific Error Detail:,computation,324
61315,1171446289,tg-c401,MEM,"Physical Address x, Address Mask: x, Node: x, Card: x, Module: x, Bank: x, Device: x, Row: x, Column: x,",computation,324
61316,1171446289,tg-c401,MEM,"Physical Address x, Address Mask: x, Node: x, Card: x, Module: x, Bank: x, Device: x, Row: x, Column: x,",computation,324
61317,1171446298,tg-c401,DEV,+BEGIN HARDWARE ERROR STATE AT CPE,computation,324
61318,1171446298,tg-c401,DEV,+Platform PCI Component Error Info Section,computation,324
61319,1171446298,tg-c401,DEV,"Component Info: Vendor Id =x x, Device Id =x x, Class Code =x x, Seg Bus Dev Func =x x x x x",computation,324
61320,1171446298,tg-c401,DEV,"Component Info: Vendor Id =x x, Device Id =x x, Class Code =x x, Seg Bus Dev Func =x x x x x",computation,324
61321,1171446298,tg-c401,DEV,"Component Info: Vendor Id =x x, Device Id =x x, Class Code =x x, Seg Bus Dev Func =x x x x x",computation,324
61322,1171446299,tg-c401,DEV,+Platform Specific Error Info Section,computation,324
61323,1171446299,tg-c401,DEV,"Component Info: Vendor Id =x x, Device Id =x x, Class Code =x x, Seg Bus Dev Func =x x x x x",computation,324
61324,1171446299,tg-c401,DEV,+ Platform Specific Error Detail:,computation,324
61325,1171446299,tg-c401,MEM,"Physical Address x, Address Mask: x, Node: x, Card: x, Module: x, Bank: x, Device: x, Row: x, Column: x,",computation,324
61326,1171446299,tg-c401,MEM,"Physical Address x, Address Mask: x, Node: x, Card: x, Module: x, Bank: x, Device: x, Row: x, Column: x,",computation,324
61327,1171446304,tg-c401,DEV,+BEGIN HARDWARE ERROR STATE AT CPE,computation,324
61328,1171446304,tg-c401,DEV,+END HARDWARE ERROR STATE AT CPE,computation,324
61329,1171446304,tg-c401,DEV,+Platform PCI Component Error Info Section,computation,324
61330,1171446304,tg-c401,DEV,+Platform Specific Error Info Section,computation,324
61331,1171446304,tg-c401,DEV,"Component Info: Vendor Id =x x, Device Id =x x, Class Code =x x, Seg Bus Dev Func =x x x x x",computation,324
61332,1171446304,tg-c401,DEV,"Component Info: Vendor Id =x x, Device Id =x x, Class Code =x x, Seg Bus Dev Func =x x x x x",computation,324
61333,1171446304,tg-c401,DEV,"Component Info: Vendor Id =x x, Device Id =x x, Class Code =x x, Seg Bus Dev Func =x x x x x",computation,324
61334,1171446304,tg-c401,DEV,"Component Info: Vendor Id =x x, Device Id =x x, Class Code =x x, Seg Bus Dev Func =x x x x x",computation,324
61335,1171446304,tg-c401,DEV,+ Platform Specific Error Detail:,computation,324
61336,1171446304,tg-c401,MEM,"Physical Address x, Address Mask: x, Node: x, Card: x, Module: x, Bank: x, Device: x, Row: x, Column: x,",computation,324
61337,1171446304,tg-c401,MEM,"Physical Address x, Address Mask: x, Node: x, Card: x, Module: x, Bank: x, Device: x, Row: x, Column: x,",computation,324
61338,1171446314,tg-c401,DEV,+BEGIN HARDWARE ERROR STATE AT CPE,computation,324
61339,1171446314,tg-c401,DEV,+Platform PCI Component Error Info Section,computation,324
61340,1171446314,tg-c401,DEV,"Component Info: Vendor Id =x x, Device Id =x x, Class Code =x x, Seg Bus Dev Func =x x x x x",computation,324
61341,1171446314,tg-c401,DEV,"Component Info: Vendor Id =x x, Device Id =x x, Class Code =x x, Seg Bus Dev Func =x x x x x",computation,324
61342,1171446314,tg-c401,DEV,"Component Info: Vendor Id =x x, Device Id =x x, Class Code =x x, Seg Bus Dev Func =x x x x x",computation,324
61343,1171446315,tg-c401,DEV,+END HARDWARE ERROR STATE AT CPE,computation,324
61344,1171446315,tg-c401,DEV,+Platform Specific Error Info Section,computation,324
61345,1171446315,tg-c401,DEV,"Component Info: Vendor Id =x x, Device Id =x x, Class Code =x x, Seg Bus Dev Func =x x x x x",computation,324
61346,1171446315,tg-c401,DEV,+ Platform Specific Error Detail:,computation,324
61347,1171446315,tg-c401,MEM,"Physical Address x, Address Mask: x, Node: x, Card: x, Module: x, Bank: x, Device: x, Row: x, Column: x,",computation,324
61348,1171446315,tg-c401,MEM,"Physical Address x, Address Mask: x, Node: x, Card: x, Module: x, Bank: x, Device: x, Row: x, Column: x,",computation,324
61349,1171446336,tg-c401,DEV,+BEGIN HARDWARE ERROR STATE AT CPE,computation,324
61350,1171446336,tg-c401,DEV,+Platform PCI Component Error Info Section,computation,324
61351,1171446336,tg-c401,DEV,+Platform Specific Error Info Section,computation,324
61352,1171446336,tg-c401,DEV,"Component Info: Vendor Id =x x, Device Id =x x, Class Code =x x, Seg Bus Dev Func =x x x x x",computation,324
61353,1171446336,tg-c401,DEV,"Component Info: Vendor Id =x x, Device Id =x x, Class Code =x x, Seg Bus Dev Func =x x x x x",computation,324
61354,1171446336,tg-c401,DEV,"Component Info: Vendor Id =x x, Device Id =x x, Class Code =x x, Seg Bus Dev Func =x x x x x",computation,324
61355,1171446336,tg-c401,DEV,"Component Info: Vendor Id =x x, Device Id =x x, Class Code =x x, Seg Bus Dev Func =x x x x x",computation,324
61356,1171446336,tg-c401,MEM,"Physical Address x, Address Mask: x, Node: x, Card: x, Module: x, Bank: x, Device: x, Row: x, Column: x,",computation,324
61357,1171446336,tg-c401,MEM,"Physical Address x, Address Mask: x, Node: x, Card: x, Module: x, Bank: x, Device: x, Row: x, Column: x,",computation,324
61358,1171446337,tg-c401,DEV,+ Platform Specific Error Detail:,computation,324
61359,1171446340,tg-c401,DEV,+BEGIN HARDWARE ERROR STATE AT CPE,computation,324
61360,1171446340,tg-c401,DEV,+Platform PCI Component Error Info Section,computation,324
61361,1171446340,tg-c401,DEV,+Platform Specific Error Info Section,computation,324
61362,1171446340,tg-c401,DEV,"Component Info: Vendor Id =x x, Device Id =x x, Class Code =x x, Seg Bus Dev Func =x x x x x",computation,324
61363,1171446340,tg-c401,DEV,"Component Info: Vendor Id =x x, Device Id =x x, Class Code =x x, Seg Bus Dev Func =x x x x x",computation,324
61364,1171446340,tg-c401,DEV,"Component Info: Vendor Id =x x, Device Id =x x, Class Code =x x, Seg Bus Dev Func =x x x x x",computation,324
61365,1171446340,tg-c401,DEV,"Component Info: Vendor Id =x x, Device Id =x x, Class Code =x x, Seg Bus Dev Func =x x x x x",computation,324
61366,1171446340,tg-c401,MEM,"Physical Address x, Address Mask: x, Node: x, Card: x, Module: x, Bank: x, Device: x, Row: x, Column: x,",computation,324
61367,1171446340,tg-c401,MEM,"Physical Address x, Address Mask: x, Node: x, Card: x, Module: x, Bank: x, Device: x, Row: x, Column: x,",computation,324
61368,1171446341,tg-c401,DEV,+END HARDWARE ERROR STATE AT CPE,computation,324
61369,1171446341,tg-c401,DEV,+ Platform Specific Error Detail:,computation,324
61370,1171446353,tg-c401,DEV,+BEGIN HARDWARE ERROR STATE AT CPE,computation,324
61371,1171446353,tg-c401,DEV,+Platform PCI Component Error Info Section,computation,324
61372,1171446353,tg-c401,DEV,"Component Info: Vendor Id =x x, Device Id =x x, Class Code =x x, Seg Bus Dev Func =x x x x x",computation,324
61373,1171446353,tg-c401,DEV,"Component Info: Vendor Id =x x, Device Id =x x, Class Code =x x, Seg Bus Dev Func =x x x x x",computation,324
61374,1171446354,tg-c401,DEV,+Platform PCI Component Error Info Section,computation,324
61375,1171446354,tg-c401,DEV,+Platform Specific Error Info Section,computation,324
61376,1171446354,tg-c401,DEV,"Component Info: Vendor Id =x x, Device Id =x x, Class Code =x x, Seg Bus Dev Func =x x x x x",computation,324
61377,1171446354,tg-c401,DEV,"Component Info: Vendor Id =x x, Device Id =x x, Class Code =x x, Seg Bus Dev Func =x x x x x",computation,324
61378,1171446354,tg-c401,DEV,+ Platform Specific Error Detail:,computation,324
61379,1171446354,tg-c401,MEM,"Physical Address x, Address Mask: x, Node: x, Card: x, Module: x, Bank: x, Device: x, Row: x, Column: x,",computation,324
61380,1171446354,tg-c401,MEM,"Physical Address x, Address Mask: x, Node: x, Card: x, Module: x, Bank: x, Device: x, Row: x, Column: x,",computation,324
61381,1171446423,tg-c401,DEV,+BEGIN HARDWARE ERROR STATE AT CPE,computation,324
61382,1171446423,tg-c401,DEV,+Platform PCI Component Error Info Section,computation,324
61383,1171446423,tg-c401,DEV,"Component Info: Vendor Id =x x, Device Id =x x, Class Code =x x, Seg Bus Dev Func =x x x x x",computation,324
61384,1171446423,tg-c401,DEV,"Component Info: Vendor Id =x x, Device Id =x x, Class Code =x x, Seg Bus Dev Func =x x x x x",computation,324
61385,1171446424,tg-c401,DEV,+BEGIN HARDWARE ERROR STATE AT CPE,computation,324
61386,1171446424,tg-c401,DEV,+END HARDWARE ERROR STATE AT CPE,computation,324
61387,1171446424,tg-c401,DEV,+Platform PCI Component Error Info Section,computation,324
61388,1171446424,tg-c401,DEV,+Platform Specific Error Info Section,computation,324
61389,1171446424,tg-c401,DEV,"Component Info: Vendor Id =x x, Device Id =x x, Class Code =x x, Seg Bus Dev Func =x x x x x",computation,324
61390,1171446424,tg-c401,DEV,"Component Info: Vendor Id =x x, Device Id =x x, Class Code =x x, Seg Bus Dev Func =x x x x x",computation,324
61391,1171446424,tg-c401,DEV,"Component Info: Vendor Id =x x, Device Id =x x, Class Code =x x, Seg Bus Dev Func =x x x x x",computation,324
61392,1171446424,tg-c401,DEV,"Component Info: Vendor Id =x x, Device Id =x x, Class Code =x x, Seg Bus Dev Func =x x x x x",computation,324
61393,1171446424,tg-c401,DEV,"Component Info: Vendor Id =x x, Device Id =x x, Class Code =x x, Seg Bus Dev Func =x x x x x",computation,324
61394,1171446424,tg-c401,DEV,"Component Info: Vendor Id =x x, Device Id =x x, Class Code =x x, Seg Bus Dev Func =x x x x x",computation,324
61395,1171446424,tg-c401,DEV,+ Platform Specific Error Detail:,computation,324
61396,1171446424,tg-c401,MEM,"Physical Address x, Address Mask: x, Node: x, Card: x, Module: x, Bank: x, Device: x, Row: x, Column: x,",computation,324
61397,1171446424,tg-c401,MEM,"Physical Address x, Address Mask: x, Node: x, Card: x, Module: x, Bank: x, Device: x, Row: x, Column: x,",computation,324
61398,1171446430,tg-c401,DEV,+BEGIN HARDWARE ERROR STATE AT CPE,computation,324
61399,1171446430,tg-c401,DEV,+END HARDWARE ERROR STATE AT CPE,computation,324
61400,1171446430,tg-c401,DEV,+Platform PCI Component Error Info Section,computation,324
61401,1171446430,tg-c401,DEV,+Platform Specific Error Info Section,computation,324
61402,1171446430,tg-c401,DEV,"Component Info: Vendor Id =x x, Device Id =x x, Class Code =x x, Seg Bus Dev Func =x x x x x",computation,324
61403,1171446430,tg-c401,DEV,"Component Info: Vendor Id =x x, Device Id =x x, Class Code =x x, Seg Bus Dev Func =x x x x x",computation,324
61404,1171446430,tg-c401,DEV,"Component Info: Vendor Id =x x, Device Id =x x, Class Code =x x, Seg Bus Dev Func =x x x x x",computation,324
61405,1171446430,tg-c401,DEV,"Component Info: Vendor Id =x x, Device Id =x x, Class Code =x x, Seg Bus Dev Func =x x x x x",computation,324
61406,1171446430,tg-c401,DEV,+ Platform Specific Error Detail:,computation,324
61407,1171446430,tg-c401,MEM,"Physical Address x, Address Mask: x, Node: x, Card: x, Module: x, Bank: x, Device: x, Row: x, Column: x,",computation,324
61408,1171446430,tg-c401,MEM,"Physical Address x, Address Mask: x, Node: x, Card: x, Module: x, Bank: x, Device: x, Row: x, Column: x,",computation,324
61409,1171446435,tg-c401,DEV,+BEGIN HARDWARE ERROR STATE AT CPE,computation,324
61410,1171446435,tg-c401,DEV,+Platform PCI Component Error Info Section,computation,324
61411,1171446435,tg-c401,DEV,"Component Info: Vendor Id =x x, Device Id =x x, Class Code =x x, Seg Bus Dev Func =x x x x x",computation,324
61412,1171446435,tg-c401,DEV,"Component Info: Vendor Id =x x, Device Id =x x, Class Code =x x, Seg Bus Dev Func =x x x x x",computation,324
61413,1171446436,tg-c401,DEV,+Platform Specific Error Info Section,computation,324
61414,1171446436,tg-c401,DEV,"Component Info: Vendor Id =x x, Device Id =x x, Class Code =x x, Seg Bus Dev Func =x x x x x",computation,324
61415,1171446436,tg-c401,DEV,"Component Info: Vendor Id =x x, Device Id =x x, Class Code =x x, Seg Bus Dev Func =x x x x x",computation,324
61416,1171446436,tg-c401,DEV,+ Platform Specific Error Detail:,computation,324
61417,1171446436,tg-c401,MEM,"Physical Address x, Address Mask: x, Node: x, Card: x, Module: x, Bank: x, Device: x, Row: x, Column: x,",computation,324
61418,1171446436,tg-c401,MEM,"Physical Address x, Address Mask: x, Node: x, Card: x, Module: x, Bank: x, Device: x, Row: x, Column: x,",computation,324
61419,1171446483,tg-c401,DEV,+BEGIN HARDWARE ERROR STATE AT CPE,computation,324
61420,1171446483,tg-c401,DEV,+Platform PCI Component Error Info Section,computation,324
61421,1171446483,tg-c401,DEV,"Component Info: Vendor Id =x x, Device Id =x x, Class Code =x x, Seg Bus Dev Func =x x x x x",computation,324
61422,1171446483,tg-c401,DEV,"Component Info: Vendor Id =x x, Device Id =x x, Class Code =x x, Seg Bus Dev Func =x x x x x",computation,324
61423,1171446484,tg-c401,DEV,+Platform PCI Component Error Info Section,computation,324
61424,1171446484,tg-c401,DEV,+Platform Specific Error Info Section,computation,324
61425,1171446484,tg-c401,DEV,"Component Info: Vendor Id =x x, Device Id =x x, Class Code =x x, Seg Bus Dev Func =x x x x x",computation,324
61426,1171446484,tg-c401,DEV,"Component Info: Vendor Id =x x, Device Id =x x, Class Code =x x, Seg Bus Dev Func =x x x x x",computation,324
61427,1171446484,tg-c401,DEV,+ Platform Specific Error Detail:,computation,324
61428,1171446484,tg-c401,MEM,"Physical Address x, Address Mask: x, Node: x, Card: x, Module: x, Bank: x, Device: x, Row: x, Column: x,",computation,324
61429,1171446484,tg-c401,MEM,"Physical Address x, Address Mask: x, Node: x, Card: x, Module: x, Bank: x, Device: x, Row: x, Column: x,",computation,324
61430,1171446489,tg-c401,DEV,+BEGIN HARDWARE ERROR STATE AT CPE,computation,324
61431,1171446489,tg-c401,DEV,+END HARDWARE ERROR STATE AT CPE,computation,324
61432,1171446489,tg-c401,DEV,+Platform PCI Component Error Info Section,computation,324
61433,1171446489,tg-c401,DEV,+Platform Specific Error Info Section,computation,324
61434,1171446489,tg-c401,DEV,"Component Info: Vendor Id =x x, Device Id =x x, Class Code =x x, Seg Bus Dev Func =x x x x x",computation,324
61435,1171446489,tg-c401,DEV,"Component Info: Vendor Id =x x, Device Id =x x, Class Code =x x, Seg Bus Dev Func =x x x x x",computation,324
61436,1171446489,tg-c401,DEV,"Component Info: Vendor Id =x x, Device Id =x x, Class Code =x x, Seg Bus Dev Func =x x x x x",computation,324
61437,1171446489,tg-c401,DEV,+ Platform Specific Error Detail:,computation,324
61438,1171446489,tg-c401,MEM,"Physical Address x, Address Mask: x, Node: x, Card: x, Module: x, Bank: x, Device: x, Row: x, Column: x,",computation,324
61439,1171446489,tg-c401,MEM,"Physical Address x, Address Mask: x, Node: x, Card: x, Module: x, Bank: x, Device: x, Row: x, Column: x,",computation,324
61440,1171446506,tg-c401,DEV,+BEGIN HARDWARE ERROR STATE AT CPE,computation,324
61441,1171446506,tg-c401,DEV,+END HARDWARE ERROR STATE AT CPE,computation,324
61442,1171446506,tg-c401,DEV,+Platform PCI Component Error Info Section,computation,324
61443,1171446506,tg-c401,DEV,+Platform Specific Error Info Section,computation,324
61444,1171446506,tg-c401,DEV,"Component Info: Vendor Id =x x, Device Id =x x, Class Code =x x, Seg Bus Dev Func =x x x x x",computation,324
61445,1171446506,tg-c401,DEV,"Component Info: Vendor Id =x x, Device Id =x x, Class Code =x x, Seg Bus Dev Func =x x x x x",computation,324
61446,1171446506,tg-c401,DEV,"Component Info: Vendor Id =x x, Device Id =x x, Class Code =x x, Seg Bus Dev Func =x x x x x",computation,324
61447,1171446506,tg-c401,DEV,"Component Info: Vendor Id =x x, Device Id =x x, Class Code =x x, Seg Bus Dev Func =x x x x x",computation,324
61448,1171446506,tg-c401,DEV,+ Platform Specific Error Detail:,computation,324
61449,1171446506,tg-c401,MEM,"Physical Address x, Address Mask: x, Node: x, Card: x, Module: x, Bank: x, Device: x, Row: x, Column: x,",computation,324
61450,1171446506,tg-c401,MEM,"Physical Address x, Address Mask: x, Node: x, Card: x, Module: x, Bank: x, Device: x, Row: x, Column: x,",computation,324
61451,1171446521,tg-c401,DEV,+BEGIN HARDWARE ERROR STATE AT CPE,computation,324
61452,1171446521,tg-c401,DEV,+Platform PCI Component Error Info Section,computation,324
61453,1171446521,tg-c401,DEV,"Component Info: Vendor Id =x x, Device Id =x x, Class Code =x x, Seg Bus Dev Func =x x x x x",computation,324
61454,1171446521,tg-c401,DEV,"Component Info: Vendor Id =x x, Device Id =x x, Class Code =x x, Seg Bus Dev Func =x x x x x",computation,324
61455,1171446522,tg-c401,DEV,+Platform Specific Error Info Section,computation,324
61456,1171446522,tg-c401,DEV,"Component Info: Vendor Id =x x, Device Id =x x, Class Code =x x, Seg Bus Dev Func =x x x x x",computation,324
61457,1171446522,tg-c401,DEV,"Component Info: Vendor Id =x x, Device Id =x x, Class Code =x x, Seg Bus Dev Func =x x x x x",computation,324
61458,1171446522,tg-c401,MEM,"Physical Address x, Address Mask: x, Node: x, Card: x, Module: x, Bank: x, Device: x, Row: x, Column: x,",computation,324
61459,1171446522,tg-c401,MEM,"Physical Address x, Address Mask: x, Node: x, Card: x, Module: x, Bank: x, Device: x, Row: x, Column: x,",computation,324
61460,1171446524,tg-c401,DEV,+BEGIN HARDWARE ERROR STATE AT CPE,computation,324
61461,1171446524,tg-c401,DEV,+Platform PCI Component Error Info Section,computation,324
61462,1171446524,tg-c401,DEV,+Platform Specific Error Info Section,computation,324
61463,1171446524,tg-c401,DEV,"Component Info: Vendor Id =x x, Device Id =x x, Class Code =x x, Seg Bus Dev Func =x x x x x",computation,324
61464,1171446524,tg-c401,DEV,"Component Info: Vendor Id =x x, Device Id =x x, Class Code =x x, Seg Bus Dev Func =x x x x x",computation,324
61465,1171446524,tg-c401,DEV,"Component Info: Vendor Id =x x, Device Id =x x, Class Code =x x, Seg Bus Dev Func =x x x x x",computation,324
61466,1171446524,tg-c401,DEV,"Component Info: Vendor Id =x x, Device Id =x x, Class Code =x x, Seg Bus Dev Func =x x x x x",computation,324
61467,1171446524,tg-c401,DEV,+ Platform Specific Error Detail:,computation,324
61468,1171446524,tg-c401,MEM,"Physical Address x, Address Mask: x, Node: x, Card: x, Module: x, Bank: x, Device: x, Row: x, Column: x,",computation,324
61469,1171446524,tg-c401,MEM,"Physical Address x, Address Mask: x, Node: x, Card: x, Module: x, Bank: x, Device: x, Row: x, Column: x,",computation,324
61470,1171446527,tg-c401,DEV,+BEGIN HARDWARE ERROR STATE AT CPE,computation,324
61471,1171446527,tg-c401,DEV,+Platform PCI Component Error Info Section,computation,324
61472,1171446527,tg-c401,DEV,"Component Info: Vendor Id =x x, Device Id =x x, Class Code =x x, Seg Bus Dev Func =x x x x x",computation,324
61473,1171446527,tg-c401,DEV,"Component Info: Vendor Id =x x, Device Id =x x, Class Code =x x, Seg Bus Dev Func =x x x x x",computation,324
61474,1171446527,tg-c401,DEV,"Component Info: Vendor Id =x x, Device Id =x x, Class Code =x x, Seg Bus Dev Func =x x x x x",computation,324
61475,1171446527,tg-c401,DEV,"Component Info: Vendor Id =x x, Device Id =x x, Class Code =x x, Seg Bus Dev Func =x x x x x",computation,324
61476,1171446528,tg-c401,DEV,+BEGIN HARDWARE ERROR STATE AT CPE,computation,324
61477,1171446528,tg-c401,DEV,+END HARDWARE ERROR STATE AT CPE,computation,324
61478,1171446528,tg-c401,DEV,+Platform PCI Component Error Info Section,computation,324
61479,1171446528,tg-c401,DEV,+Platform Specific Error Info Section,computation,324
61480,1171446528,tg-c401,DEV,"Component Info: Vendor Id =x x, Device Id =x x, Class Code =x x, Seg Bus Dev Func =x x x x x",computation,324
61481,1171446528,tg-c401,DEV,"Component Info: Vendor Id =x x, Device Id =x x, Class Code =x x, Seg Bus Dev Func =x x x x x",computation,324
61482,1171446528,tg-c401,DEV,+ Platform Specific Error Detail:,computation,324
61483,1171446528,tg-c401,MEM,"Physical Address x, Address Mask: x, Node: x, Card: x, Module: x, Bank: x, Device: x, Row: x, Column: x,",computation,324
61484,1171446528,tg-c401,MEM,"Physical Address x, Address Mask: x, Node: x, Card: x, Module: x, Bank: x, Device: x, Row: x, Column: x,",computation,324
61485,1171446529,tg-c401,DEV,+Platform Specific Error Info Section,computation,324
61486,1171446529,tg-c401,DEV,"Component Info: Vendor Id =x x, Device Id =x x, Class Code =x x, Seg Bus Dev Func =x x x x x",computation,324
61487,1171446529,tg-c401,DEV,"Component Info: Vendor Id =x x, Device Id =x x, Class Code =x x, Seg Bus Dev Func =x x x x x",computation,324
61488,1171446529,tg-c401,DEV,+ Platform Specific Error Detail:,computation,324
61489,1171446529,tg-c401,MEM,"Physical Address x, Address Mask: x, Node: x, Card: x, Module: x, Bank: x, Device: x, Row: x, Column: x,",computation,324
61490,1171446529,tg-c401,MEM,"Physical Address x, Address Mask: x, Node: x, Card: x, Module: x, Bank: x, Device: x, Row: x, Column: x,",computation,324
61491,1171446533,tg-c401,DEV,+BEGIN HARDWARE ERROR STATE AT CPE,computation,324
61492,1171446533,tg-c401,DEV,+END HARDWARE ERROR STATE AT CPE,computation,324
61493,1171446533,tg-c401,DEV,+Platform PCI Component Error Info Section,computation,324
61494,1171446533,tg-c401,DEV,+Platform Specific Error Info Section,computation,324
61495,1171446533,tg-c401,DEV,"Component Info: Vendor Id =x x, Device Id =x x, Class Code =x x, Seg Bus Dev Func =x x x x x",computation,324
61496,1171446533,tg-c401,DEV,"Component Info: Vendor Id =x x, Device Id =x x, Class Code =x x, Seg Bus Dev Func =x x x x x",computation,324
61497,1171446533,tg-c401,DEV,"Component Info: Vendor Id =x x, Device Id =x x, Class Code =x x, Seg Bus Dev Func =x x x x x",computation,324
61498,1171446533,tg-c401,DEV,"Component Info: Vendor Id =x x, Device Id =x x, Class Code =x x, Seg Bus Dev Func =x x x x x",computation,324
61499,1171446533,tg-c401,DEV,+ Platform Specific Error Detail:,computation,324
61500,1171446533,tg-c401,MEM,"Physical Address x, Address Mask: x, Node: x, Card: x, Module: x, Bank: x, Device: x, Row: x, Column: x,",computation,324
61501,1171446533,tg-c401,MEM,"Physical Address x, Address Mask: x, Node: x, Card: x, Module: x, Bank: x, Device: x, Row: x, Column: x,",computation,324
61502,1171446569,tg-c401,DEV,+BEGIN HARDWARE ERROR STATE AT CPE,computation,324
61503,1171446569,tg-c401,DEV,+END HARDWARE ERROR STATE AT CPE,computation,324
61504,1171446569,tg-c401,DEV,+Platform PCI Component Error Info Section,computation,324
61505,1171446569,tg-c401,DEV,+Platform Specific Error Info Section,computation,324
61506,1171446569,tg-c401,DEV,"Component Info: Vendor Id =x x, Device Id =x x, Class Code =x x, Seg Bus Dev Func =x x x x x",computation,324
61507,1171446569,tg-c401,DEV,"Component Info: Vendor Id =x x, Device Id =x x, Class Code =x x, Seg Bus Dev Func =x x x x x",computation,324
61508,1171446569,tg-c401,DEV,"Component Info: Vendor Id =x x, Device Id =x x, Class Code =x x, Seg Bus Dev Func =x x x x x",computation,324
61509,1171446569,tg-c401,DEV,"Component Info: Vendor Id =x x, Device Id =x x, Class Code =x x, Seg Bus Dev Func =x x x x x",computation,324
61510,1171446569,tg-c401,DEV,+ Platform Specific Error Detail:,computation,324
61511,1171446569,tg-c401,MEM,"Physical Address x, Address Mask: x, Node: x, Card: x, Module: x, Bank: x, Device: x, Row: x, Column: x,",computation,324
61512,1171446569,tg-c401,MEM,"Physical Address x, Address Mask: x, Node: x, Card: x, Module: x, Bank: x, Device: x, Row: x, Column: x,",computation,324
61513,1171446576,tg-c401,DEV,+BEGIN HARDWARE ERROR STATE AT CPE,computation,324
61514,1171446576,tg-c401,DEV,+Platform PCI Component Error Info Section,computation,324
61515,1171446576,tg-c401,DEV,"Component Info: Vendor Id =x x, Device Id =x x, Class Code =x x, Seg Bus Dev Func =x x x x x",computation,324
61516,1171446580,tg-c401,DEV,+BEGIN HARDWARE ERROR STATE AT CPE,computation,324
61517,1171446580,tg-c401,DEV,+END HARDWARE ERROR STATE AT CPE,computation,324
61518,1171446580,tg-c401,DEV,+Platform PCI Component Error Info Section,computation,324
61519,1171446580,tg-c401,DEV,+Platform Specific Error Info Section,computation,324
61520,1171446580,tg-c401,DEV,"Component Info: Vendor Id =x x, Device Id =x x, Class Code =x x, Seg Bus Dev Func =x x x x x",computation,324
61521,1171446580,tg-c401,DEV,"Component Info: Vendor Id =x x, Device Id =x x, Class Code =x x, Seg Bus Dev Func =x x x x x",computation,324
61522,1171446580,tg-c401,DEV,"Component Info: Vendor Id =x x, Device Id =x x, Class Code =x x, Seg Bus Dev Func =x x x x x",computation,324
61523,1171446580,tg-c401,DEV,"Component Info: Vendor Id =x x, Device Id =x x, Class Code =x x, Seg Bus Dev Func =x x x x x",computation,324
61524,1171446580,tg-c401,DEV,+ Platform Specific Error Detail:,computation,324
61525,1171446580,tg-c401,MEM,"Physical Address x, Address Mask: x, Node: x, Card: x, Module: x, Bank: x, Device: x, Row: x, Column: x,",computation,324
61526,1171446580,tg-c401,MEM,"Physical Address x, Address Mask: x, Node: x, Card: x, Module: x, Bank: x, Device: x, Row: x, Column: x,",computation,324
61527,1171446585,tg-c401,DEV,+BEGIN HARDWARE ERROR STATE AT CPE,computation,324
61528,1171446585,tg-c401,DEV,+END HARDWARE ERROR STATE AT CPE,computation,324
61529,1171446585,tg-c401,DEV,+Platform PCI Component Error Info Section,computation,324
61530,1171446585,tg-c401,DEV,+Platform Specific Error Info Section,computation,324
61531,1171446585,tg-c401,DEV,"Component Info: Vendor Id =x x, Device Id =x x, Class Code =x x, Seg Bus Dev Func =x x x x x",computation,324
61532,1171446585,tg-c401,DEV,"Component Info: Vendor Id =x x, Device Id =x x, Class Code =x x, Seg Bus Dev Func =x x x x x",computation,324
61533,1171446585,tg-c401,DEV,"Component Info: Vendor Id =x x, Device Id =x x, Class Code =x x, Seg Bus Dev Func =x x x x x",computation,324
61534,1171446585,tg-c401,DEV,"Component Info: Vendor Id =x x, Device Id =x x, Class Code =x x, Seg Bus Dev Func =x x x x x",computation,324
61535,1171446585,tg-c401,DEV,+ Platform Specific Error Detail:,computation,324
61536,1171446585,tg-c401,MEM,"Physical Address x, Address Mask: x, Node: x, Card: x, Module: x, Bank: x, Device: x, Row: x, Column: x,",computation,324
61537,1171446585,tg-c401,MEM,"Physical Address x, Address Mask: x, Node: x, Card: x, Module: x, Bank: x, Device: x, Row: x, Column: x,",computation,324
61538,1171446595,tg-c401,DEV,+BEGIN HARDWARE ERROR STATE AT CPE,computation,324
61539,1171446595,tg-c401,DEV,+Platform PCI Component Error Info Section,computation,324
61540,1171446595,tg-c401,DEV,"Component Info: Vendor Id =x x, Device Id =x x, Class Code =x x, Seg Bus Dev Func =x x x x x",computation,324
61541,1171446596,tg-c401,DEV,+END HARDWARE ERROR STATE AT CPE,computation,324
61542,1171446596,tg-c401,DEV,+Platform PCI Component Error Info Section,computation,324
61543,1171446596,tg-c401,DEV,"Component Info: Vendor Id =x x, Device Id =x x, Class Code =x x, Seg Bus Dev Func =x x x x x",computation,324
61544,1171446596,tg-c401,DEV,"Component Info: Vendor Id =x x, Device Id =x x, Class Code =x x, Seg Bus Dev Func =x x x x x",computation,324
61545,1171446596,tg-c401,DEV,"Component Info: Vendor Id =x x, Device Id =x x, Class Code =x x, Seg Bus Dev Func =x x x x x",computation,324
61546,1171446596,tg-c401,DEV,+ Platform Specific Error Detail:,computation,324
61547,1171446596,tg-c401,MEM,"Physical Address x, Address Mask: x, Node: x, Card: x, Module: x, Bank: x, Device: x, Row: x, Column: x,",computation,324
61548,1171446596,tg-c401,MEM,"Physical Address x, Address Mask: x, Node: x, Card: x, Module: x, Bank: x, Device: x, Row: x, Column: x,",computation,324
61549,1171446635,tg-c401,DEV,+BEGIN HARDWARE ERROR STATE AT CPE,computation,324
61550,1171446635,tg-c401,DEV,+Platform PCI Component Error Info Section,computation,324
61551,1171446635,tg-c401,DEV,"Component Info: Vendor Id =x x, Device Id =x x, Class Code =x x, Seg Bus Dev Func =x x x x x",computation,324
61552,1171446635,tg-c401,DEV,"Component Info: Vendor Id =x x, Device Id =x x, Class Code =x x, Seg Bus Dev Func =x x x x x",computation,324
61553,1171446635,tg-c401,DEV,"Component Info: Vendor Id =x x, Device Id =x x, Class Code =x x, Seg Bus Dev Func =x x x x x",computation,324
61554,1171446635,tg-c401,DEV,"Component Info: Vendor Id =x x, Device Id =x x, Class Code =x x, Seg Bus Dev Func =x x x x x",computation,324
61555,1171446635,tg-c401,DEV,+ Platform Specific Error Detail:,computation,324
61556,1171446635,tg-c401,MEM,"Physical Address x, Address Mask: x, Node: x, Card: x, Module: x, Bank: x, Device: x, Row: x, Column: x,",computation,324
61557,1171446635,tg-c401,MEM,"Physical Address x, Address Mask: x, Node: x, Card: x, Module: x, Bank: x, Device: x, Row: x, Column: x,",computation,324
61558,1171446639,tg-c401,DEV,+BEGIN HARDWARE ERROR STATE AT CPE,computation,324
61559,1171446639,tg-c401,DEV,+END HARDWARE ERROR STATE AT CPE,computation,324
61560,1171446639,tg-c401,DEV,+Platform PCI Component Error Info Section,computation,324
61561,1171446639,tg-c401,DEV,+Platform Specific Error Info Section,computation,324
61562,1171446639,tg-c401,DEV,"Component Info: Vendor Id =x x, Device Id =x x, Class Code =x x, Seg Bus Dev Func =x x x x x",computation,324
61563,1171446639,tg-c401,DEV,"Component Info: Vendor Id =x x, Device Id =x x, Class Code =x x, Seg Bus Dev Func =x x x x x",computation,324
61564,1171446639,tg-c401,DEV,"Component Info: Vendor Id =x x, Device Id =x x, Class Code =x x, Seg Bus Dev Func =x x x x x",computation,324
61565,1171446639,tg-c401,DEV,"Component Info: Vendor Id =x x, Device Id =x x, Class Code =x x, Seg Bus Dev Func =x x x x x",computation,324
61566,1171446639,tg-c401,DEV,+ Platform Specific Error Detail:,computation,324
61567,1171446639,tg-c401,MEM,"Physical Address x, Address Mask: x, Node: x, Card: x, Module: x, Bank: x, Device: x, Row: x, Column: x,",computation,324
61568,1171446639,tg-c401,MEM,"Physical Address x, Address Mask: x, Node: x, Card: x, Module: x, Bank: x, Device: x, Row: x, Column: x,",computation,324
61569,1171446645,tg-c401,DEV,+BEGIN HARDWARE ERROR STATE AT CPE,computation,324
61570,1171446645,tg-c401,DEV,+END HARDWARE ERROR STATE AT CPE,computation,324
61571,1171446645,tg-c401,DEV,+Platform PCI Component Error Info Section,computation,324
61572,1171446645,tg-c401,DEV,+Platform Specific Error Info Section,computation,324
61573,1171446645,tg-c401,DEV,"Component Info: Vendor Id =x x, Device Id =x x, Class Code =x x, Seg Bus Dev Func =x x x x x",computation,324
61574,1171446645,tg-c401,DEV,"Component Info: Vendor Id =x x, Device Id =x x, Class Code =x x, Seg Bus Dev Func =x x x x x",computation,324
61575,1171446645,tg-c401,DEV,"Component Info: Vendor Id =x x, Device Id =x x, Class Code =x x, Seg Bus Dev Func =x x x x x",computation,324
61576,1171446645,tg-c401,DEV,"Component Info: Vendor Id =x x, Device Id =x x, Class Code =x x, Seg Bus Dev Func =x x x x x",computation,324
61577,1171446645,tg-c401,DEV,+ Platform Specific Error Detail:,computation,324
61578,1171446645,tg-c401,MEM,"Physical Address x, Address Mask: x, Node: x, Card: x, Module: x, Bank: x, Device: x, Row: x, Column: x,",computation,324
61579,1171446645,tg-c401,MEM,"Physical Address x, Address Mask: x, Node: x, Card: x, Module: x, Bank: x, Device: x, Row: x, Column: x,",computation,324
61580,1171446667,tg-c401,DEV,+BEGIN HARDWARE ERROR STATE AT CPE,computation,324
61581,1171446667,tg-c401,DEV,+END HARDWARE ERROR STATE AT CPE,computation,324
61582,1171446667,tg-c401,DEV,+Platform PCI Component Error Info Section,computation,324
61583,1171446667,tg-c401,DEV,+Platform Specific Error Info Section,computation,324
61584,1171446667,tg-c401,DEV,"Component Info: Vendor Id =x x, Device Id =x x, Class Code =x x, Seg Bus Dev Func =x x x x x",computation,324
61585,1171446667,tg-c401,DEV,"Component Info: Vendor Id =x x, Device Id =x x, Class Code =x x, Seg Bus Dev Func =x x x x x",computation,324
61586,1171446667,tg-c401,DEV,"Component Info: Vendor Id =x x, Device Id =x x, Class Code =x x, Seg Bus Dev Func =x x x x x",computation,324
61587,1171446667,tg-c401,DEV,"Component Info: Vendor Id =x x, Device Id =x x, Class Code =x x, Seg Bus Dev Func =x x x x x",computation,324
61588,1171446667,tg-c401,DEV,+ Platform Specific Error Detail:,computation,324
61589,1171446667,tg-c401,MEM,"Physical Address x, Address Mask: x, Node: x, Card: x, Module: x, Bank: x, Device: x, Row: x, Column: x,",computation,324
61590,1171446667,tg-c401,MEM,"Physical Address x, Address Mask: x, Node: x, Card: x, Module: x, Bank: x, Device: x, Row: x, Column: x,",computation,324
61591,1171446679,tg-c401,DEV,+BEGIN HARDWARE ERROR STATE AT CPE,computation,324
61592,1171446679,tg-c401,DEV,+Platform PCI Component Error Info Section,computation,324
61593,1171446679,tg-c401,DEV,+Platform Specific Error Info Section,computation,324
61594,1171446679,tg-c401,DEV,"Component Info: Vendor Id =x x, Device Id =x x, Class Code =x x, Seg Bus Dev Func =x x x x x",computation,324
61595,1171446679,tg-c401,DEV,"Component Info: Vendor Id =x x, Device Id =x x, Class Code =x x, Seg Bus Dev Func =x x x x x",computation,324
61596,1171446679,tg-c401,DEV,"Component Info: Vendor Id =x x, Device Id =x x, Class Code =x x, Seg Bus Dev Func =x x x x x",computation,324
61597,1171446679,tg-c401,DEV,+ Platform Specific Error Detail:,computation,324
61598,1171446679,tg-c401,MEM,"Physical Address x, Address Mask: x, Node: x, Card: x, Module: x, Bank: x, Device: x, Row: x, Column: x,",computation,324
61599,1171446679,tg-c401,MEM,"Physical Address x, Address Mask: x, Node: x, Card: x, Module: x, Bank: x, Device: x, Row: x, Column: x,",computation,324
61600,1171446688,tg-c401,DEV,+BEGIN HARDWARE ERROR STATE AT CPE,computation,324
61601,1171446688,tg-c401,DEV,+Platform PCI Component Error Info Section,computation,324
61602,1171446688,tg-c401,DEV,"Component Info: Vendor Id =x x, Device Id =x x, Class Code =x x, Seg Bus Dev Func =x x x x x",computation,324
61603,1171446689,tg-c401,DEV,+Platform Specific Error Info Section,computation,324
61604,1171446689,tg-c401,DEV,"Component Info: Vendor Id =x x, Device Id =x x, Class Code =x x, Seg Bus Dev Func =x x x x x",computation,324
61605,1171446689,tg-c401,DEV,"Component Info: Vendor Id =x x, Device Id =x x, Class Code =x x, Seg Bus Dev Func =x x x x x",computation,324
61606,1171446689,tg-c401,DEV,"Component Info: Vendor Id =x x, Device Id =x x, Class Code =x x, Seg Bus Dev Func =x x x x x",computation,324
61607,1171446689,tg-c401,DEV,+ Platform Specific Error Detail:,computation,324
61608,1171446689,tg-c401,MEM,"Physical Address x, Address Mask: x, Node: x, Card: x, Module: x, Bank: x, Device: x, Row: x, Column: x,",computation,324
61609,1171446689,tg-c401,MEM,"Physical Address x, Address Mask: x, Node: x, Card: x, Module: x, Bank: x, Device: x, Row: x, Column: x,",computation,324
61610,1171446699,tg-c401,DEV,+BEGIN HARDWARE ERROR STATE AT CPE,computation,324
61611,1171446699,tg-c401,DEV,+Platform PCI Component Error Info Section,computation,324
61612,1171446700,tg-c401,DEV,+Platform PCI Component Error Info Section,computation,324
61613,1171446700,tg-c401,DEV,+Platform Specific Error Info Section,computation,324
61614,1171446700,tg-c401,DEV,"Component Info: Vendor Id =x x, Device Id =x x, Class Code =x x, Seg Bus Dev Func =x x x x x",computation,324
61615,1171446700,tg-c401,DEV,"Component Info: Vendor Id =x x, Device Id =x x, Class Code =x x, Seg Bus Dev Func =x x x x x",computation,324
61616,1171446700,tg-c401,DEV,"Component Info: Vendor Id =x x, Device Id =x x, Class Code =x x, Seg Bus Dev Func =x x x x x",computation,324
61617,1171446700,tg-c401,DEV,"Component Info: Vendor Id =x x, Device Id =x x, Class Code =x x, Seg Bus Dev Func =x x x x x",computation,324
61618,1171446700,tg-c401,DEV,+ Platform Specific Error Detail:,computation,324
61619,1171446700,tg-c401,MEM,"Physical Address x, Address Mask: x, Node: x, Card: x, Module: x, Bank: x, Device: x, Row: x, Column: x,",computation,324
61620,1171446700,tg-c401,MEM,"Physical Address x, Address Mask: x, Node: x, Card: x, Module: x, Bank: x, Device: x, Row: x, Column: x,",computation,324
61621,1171446704,tg-c401,DEV,+BEGIN HARDWARE ERROR STATE AT CPE,computation,324
61622,1171446704,tg-c401,DEV,+END HARDWARE ERROR STATE AT CPE,computation,324
61623,1171446704,tg-c401,DEV,+Platform PCI Component Error Info Section,computation,324
61624,1171446704,tg-c401,DEV,+Platform Specific Error Info Section,computation,324
61625,1171446704,tg-c401,DEV,"Component Info: Vendor Id =x x, Device Id =x x, Class Code =x x, Seg Bus Dev Func =x x x x x",computation,324
61626,1171446704,tg-c401,DEV,"Component Info: Vendor Id =x x, Device Id =x x, Class Code =x x, Seg Bus Dev Func =x x x x x",computation,324
61627,1171446704,tg-c401,DEV,"Component Info: Vendor Id =x x, Device Id =x x, Class Code =x x, Seg Bus Dev Func =x x x x x",computation,324
61628,1171446704,tg-c401,DEV,"Component Info: Vendor Id =x x, Device Id =x x, Class Code =x x, Seg Bus Dev Func =x x x x x",computation,324
61629,1171446704,tg-c401,DEV,+ Platform Specific Error Detail:,computation,324
61630,1171446704,tg-c401,MEM,"Physical Address x, Address Mask: x, Node: x, Card: x, Module: x, Bank: x, Device: x, Row: x, Column: x,",computation,324
61631,1171446704,tg-c401,MEM,"Physical Address x, Address Mask: x, Node: x, Card: x, Module: x, Bank: x, Device: x, Row: x, Column: x,",computation,324
61632,1171446745,tg-c401,DEV,+BEGIN HARDWARE ERROR STATE AT CPE,computation,324
61633,1171446745,tg-c401,DEV,+Platform PCI Component Error Info Section,computation,324
61634,1171446745,tg-c401,DEV,+Platform Specific Error Info Section,computation,324
61635,1171446745,tg-c401,DEV,"Component Info: Vendor Id =x x, Device Id =x x, Class Code =x x, Seg Bus Dev Func =x x x x x",computation,324
61636,1171446745,tg-c401,DEV,"Component Info: Vendor Id =x x, Device Id =x x, Class Code =x x, Seg Bus Dev Func =x x x x x",computation,324
61637,1171446745,tg-c401,DEV,"Component Info: Vendor Id =x x, Device Id =x x, Class Code =x x, Seg Bus Dev Func =x x x x x",computation,324
61638,1171446745,tg-c401,DEV,"Component Info: Vendor Id =x x, Device Id =x x, Class Code =x x, Seg Bus Dev Func =x x x x x",computation,324
61639,1171446745,tg-c401,MEM,"Physical Address x, Address Mask: x, Node: x, Card: x, Module: x, Bank: x, Device: x, Row: x, Column: x,",computation,324
61640,1171446745,tg-c401,MEM,"Physical Address x, Address Mask: x, Node: x, Card: x, Module: x, Bank: x, Device: x, Row: x, Column: x,",computation,324
61641,1171446746,tg-c401,DEV,+BEGIN HARDWARE ERROR STATE AT CPE,computation,324
61642,1171446746,tg-c401,DEV,+END HARDWARE ERROR STATE AT CPE,computation,324
61643,1171446746,tg-c401,DEV,+Platform PCI Component Error Info Section,computation,324
61644,1171446746,tg-c401,DEV,+Platform Specific Error Info Section,computation,324
61645,1171446746,tg-c401,DEV,"Component Info: Vendor Id =x x, Device Id =x x, Class Code =x x, Seg Bus Dev Func =x x x x x",computation,324
61646,1171446746,tg-c401,DEV,"Component Info: Vendor Id =x x, Device Id =x x, Class Code =x x, Seg Bus Dev Func =x x x x x",computation,324
61647,1171446746,tg-c401,DEV,"Component Info: Vendor Id =x x, Device Id =x x, Class Code =x x, Seg Bus Dev Func =x x x x x",computation,324
61648,1171446746,tg-c401,DEV,"Component Info: Vendor Id =x x, Device Id =x x, Class Code =x x, Seg Bus Dev Func =x x x x x",computation,324
61649,1171446746,tg-c401,DEV,+ Platform Specific Error Detail:,computation,324
61650,1171446746,tg-c401,MEM,"Physical Address x, Address Mask: x, Node: x, Card: x, Module: x, Bank: x, Device: x, Row: x, Column: x,",computation,324
61651,1171446746,tg-c401,MEM,"Physical Address x, Address Mask: x, Node: x, Card: x, Module: x, Bank: x, Device: x, Row: x, Column: x,",computation,324
61652,1171446751,tg-c401,DEV,+BEGIN HARDWARE ERROR STATE AT CPE,computation,324
61653,1171446751,tg-c401,DEV,+Platform PCI Component Error Info Section,computation,324
61654,1171446751,tg-c401,DEV,"Component Info: Vendor Id =x x, Device Id =x x, Class Code =x x, Seg Bus Dev Func =x x x x x",computation,324
61655,1171446751,tg-c401,DEV,"Component Info: Vendor Id =x x, Device Id =x x, Class Code =x x, Seg Bus Dev Func =x x x x x",computation,324
61656,1171446751,tg-c401,DEV,"Component Info: Vendor Id =x x, Device Id =x x, Class Code =x x, Seg Bus Dev Func =x x x x x",computation,324
61657,1171446752,tg-c401,DEV,+BEGIN HARDWARE ERROR STATE AT CPE,computation,324
61658,1171446752,tg-c401,DEV,+END HARDWARE ERROR STATE AT CPE,computation,324
61659,1171446752,tg-c401,DEV,+Platform PCI Component Error Info Section,computation,324
61660,1171446752,tg-c401,DEV,+Platform Specific Error Info Section,computation,324
61661,1171446752,tg-c401,DEV,"Component Info: Vendor Id =x x, Device Id =x x, Class Code =x x, Seg Bus Dev Func =x x x x x",computation,324
61662,1171446752,tg-c401,DEV,"Component Info: Vendor Id =x x, Device Id =x x, Class Code =x x, Seg Bus Dev Func =x x x x x",computation,324
61663,1171446752,tg-c401,DEV,"Component Info: Vendor Id =x x, Device Id =x x, Class Code =x x, Seg Bus Dev Func =x x x x x",computation,324
61664,1171446752,tg-c401,DEV,"Component Info: Vendor Id =x x, Device Id =x x, Class Code =x x, Seg Bus Dev Func =x x x x x",computation,324
61665,1171446752,tg-c401,DEV,+ Platform Specific Error Detail:,computation,324
61666,1171446752,tg-c401,MEM,"Physical Address x, Address Mask: x, Node: x, Card: x, Module: x, Bank: x, Device: x, Row: x, Column: x,",computation,324
61667,1171446752,tg-c401,MEM,"Physical Address x, Address Mask: x, Node: x, Card: x, Module: x, Bank: x, Device: x, Row: x, Column: x,",computation,324
61668,1171446753,tg-c401,DEV,+END HARDWARE ERROR STATE AT CPE,computation,324
61669,1171446753,tg-c401,DEV,+Platform PCI Component Error Info Section,computation,324
61670,1171446753,tg-c401,DEV,+Platform Specific Error Info Section,computation,324
61671,1171446753,tg-c401,DEV,"Component Info: Vendor Id =x x, Device Id =x x, Class Code =x x, Seg Bus Dev Func =x x x x x",computation,324
61672,1171446753,tg-c401,DEV,+ Platform Specific Error Detail:,computation,324
61673,1171446753,tg-c401,MEM,"Physical Address x, Address Mask: x, Node: x, Card: x, Module: x, Bank: x, Device: x, Row: x, Column: x,",computation,324
61674,1171446753,tg-c401,MEM,"Physical Address x, Address Mask: x, Node: x, Card: x, Module: x, Bank: x, Device: x, Row: x, Column: x,",computation,324
61675,1171446756,tg-c401,DEV,+BEGIN HARDWARE ERROR STATE AT CPE,computation,324
61676,1171446756,tg-c401,DEV,+Platform PCI Component Error Info Section,computation,324
61677,1171446757,tg-c401,DEV,+END HARDWARE ERROR STATE AT CPE,computation,324
61678,1171446757,tg-c401,DEV,+Platform Specific Error Info Section,computation,324
61679,1171446757,tg-c401,DEV,"Component Info: Vendor Id =x x, Device Id =x x, Class Code =x x, Seg Bus Dev Func =x x x x x",computation,324
61680,1171446757,tg-c401,DEV,"Component Info: Vendor Id =x x, Device Id =x x, Class Code =x x, Seg Bus Dev Func =x x x x x",computation,324
61681,1171446757,tg-c401,DEV,"Component Info: Vendor Id =x x, Device Id =x x, Class Code =x x, Seg Bus Dev Func =x x x x x",computation,324
61682,1171446757,tg-c401,DEV,+ Platform Specific Error Detail:,computation,324
61683,1171446757,tg-c401,MEM,"Physical Address x, Address Mask: x, Node: x, Card: x, Module: x, Bank: x, Device: x, Row: x, Column: x,",computation,324
61684,1171446757,tg-c401,MEM,"Physical Address x, Address Mask: x, Node: x, Card: x, Module: x, Bank: x, Device: x, Row: x, Column: x,",computation,324
61685,1171446778,tg-c401,DEV,+BEGIN HARDWARE ERROR STATE AT CPE,computation,324
61686,1171446778,tg-c401,DEV,+END HARDWARE ERROR STATE AT CPE,computation,324
61687,1171446778,tg-c401,DEV,+Platform PCI Component Error Info Section,computation,324
61688,1171446778,tg-c401,DEV,+Platform Specific Error Info Section,computation,324
61689,1171446778,tg-c401,DEV,"Component Info: Vendor Id =x x, Device Id =x x, Class Code =x x, Seg Bus Dev Func =x x x x x",computation,324
61690,1171446778,tg-c401,DEV,"Component Info: Vendor Id =x x, Device Id =x x, Class Code =x x, Seg Bus Dev Func =x x x x x",computation,324
61691,1171446778,tg-c401,DEV,"Component Info: Vendor Id =x x, Device Id =x x, Class Code =x x, Seg Bus Dev Func =x x x x x",computation,324
61692,1171446778,tg-c401,DEV,"Component Info: Vendor Id =x x, Device Id =x x, Class Code =x x, Seg Bus Dev Func =x x x x x",computation,324
61693,1171446778,tg-c401,DEV,+ Platform Specific Error Detail:,computation,324
61694,1171446778,tg-c401,MEM,"Physical Address x, Address Mask: x, Node: x, Card: x, Module: x, Bank: x, Device: x, Row: x, Column: x,",computation,324
61695,1171446778,tg-c401,MEM,"Physical Address x, Address Mask: x, Node: x, Card: x, Module: x, Bank: x, Device: x, Row: x, Column: x,",computation,324
61696,1171446779,tg-c401,DEV,+BEGIN HARDWARE ERROR STATE AT CPE,computation,324
61697,1171446779,tg-c401,DEV,+END HARDWARE ERROR STATE AT CPE,computation,324
61698,1171446779,tg-c401,DEV,+Platform PCI Component Error Info Section,computation,324
61699,1171446779,tg-c401,DEV,+Platform Specific Error Info Section,computation,324
61700,1171446779,tg-c401,DEV,"Component Info: Vendor Id =x x, Device Id =x x, Class Code =x x, Seg Bus Dev Func =x x x x x",computation,324
61701,1171446779,tg-c401,DEV,"Component Info: Vendor Id =x x, Device Id =x x, Class Code =x x, Seg Bus Dev Func =x x x x x",computation,324
61702,1171446779,tg-c401,DEV,"Component Info: Vendor Id =x x, Device Id =x x, Class Code =x x, Seg Bus Dev Func =x x x x x",computation,324
61703,1171446779,tg-c401,DEV,"Component Info: Vendor Id =x x, Device Id =x x, Class Code =x x, Seg Bus Dev Func =x x x x x",computation,324
61704,1171446779,tg-c401,DEV,+ Platform Specific Error Detail:,computation,324
61705,1171446779,tg-c401,MEM,"Physical Address x, Address Mask: x, Node: x, Card: x, Module: x, Bank: x, Device: x, Row: x, Column: x,",computation,324
61706,1171446779,tg-c401,MEM,"Physical Address x, Address Mask: x, Node: x, Card: x, Module: x, Bank: x, Device: x, Row: x, Column: x,",computation,324
61707,1171446789,tg-c401,DEV,+BEGIN HARDWARE ERROR STATE AT CPE,computation,324
61708,1171446789,tg-c401,DEV,+Platform PCI Component Error Info Section,computation,324
61709,1171446789,tg-c401,DEV,+Platform Specific Error Info Section,computation,324
61710,1171446789,tg-c401,DEV,"Component Info: Vendor Id =x x, Device Id =x x, Class Code =x x, Seg Bus Dev Func =x x x x x",computation,324
61711,1171446789,tg-c401,DEV,"Component Info: Vendor Id =x x, Device Id =x x, Class Code =x x, Seg Bus Dev Func =x x x x x",computation,324
61712,1171446789,tg-c401,DEV,"Component Info: Vendor Id =x x, Device Id =x x, Class Code =x x, Seg Bus Dev Func =x x x x x",computation,324
61713,1171446789,tg-c401,DEV,"Component Info: Vendor Id =x x, Device Id =x x, Class Code =x x, Seg Bus Dev Func =x x x x x",computation,324
61714,1171446789,tg-c401,DEV,+ Platform Specific Error Detail:,computation,324
61715,1171446789,tg-c401,MEM,"Physical Address x, Address Mask: x, Node: x, Card: x, Module: x, Bank: x, Device: x, Row: x, Column: x,",computation,324
61716,1171446789,tg-c401,MEM,"Physical Address x, Address Mask: x, Node: x, Card: x, Module: x, Bank: x, Device: x, Row: x, Column: x,",computation,324
61717,1171446790,tg-c401,DEV,+BEGIN HARDWARE ERROR STATE AT CPE,computation,324
61718,1171446790,tg-c401,DEV,+END HARDWARE ERROR STATE AT CPE,computation,324
61719,1171446790,tg-c401,DEV,+Platform PCI Component Error Info Section,computation,324
61720,1171446790,tg-c401,DEV,+Platform Specific Error Info Section,computation,324
61721,1171446790,tg-c401,DEV,"Component Info: Vendor Id =x x, Device Id =x x, Class Code =x x, Seg Bus Dev Func =x x x x x",computation,324
61722,1171446790,tg-c401,DEV,"Component Info: Vendor Id =x x, Device Id =x x, Class Code =x x, Seg Bus Dev Func =x x x x x",computation,324
61723,1171446790,tg-c401,DEV,"Component Info: Vendor Id =x x, Device Id =x x, Class Code =x x, Seg Bus Dev Func =x x x x x",computation,324
61724,1171446790,tg-c401,DEV,"Component Info: Vendor Id =x x, Device Id =x x, Class Code =x x, Seg Bus Dev Func =x x x x x",computation,324
61725,1171446790,tg-c401,DEV,+ Platform Specific Error Detail:,computation,324
61726,1171446790,tg-c401,MEM,"Physical Address x, Address Mask: x, Node: x, Card: x, Module: x, Bank: x, Device: x, Row: x, Column: x,",computation,324
61727,1171446790,tg-c401,MEM,"Physical Address x, Address Mask: x, Node: x, Card: x, Module: x, Bank: x, Device: x, Row: x, Column: x,",computation,324
61728,1171446877,tg-c401,DEV,+BEGIN HARDWARE ERROR STATE AT CPE,computation,324
61729,1171446877,tg-c401,DEV,+Platform PCI Component Error Info Section,computation,324
61730,1171446877,tg-c401,DEV,"Component Info: Vendor Id =x x, Device Id =x x, Class Code =x x, Seg Bus Dev Func =x x x x x",computation,324
61731,1171446878,tg-c401,DEV,+Platform Specific Error Info Section,computation,324
61732,1171446878,tg-c401,DEV,"Component Info: Vendor Id =x x, Device Id =x x, Class Code =x x, Seg Bus Dev Func =x x x x x",computation,324
61733,1171446878,tg-c401,DEV,"Component Info: Vendor Id =x x, Device Id =x x, Class Code =x x, Seg Bus Dev Func =x x x x x",computation,324
61734,1171446878,tg-c401,DEV,"Component Info: Vendor Id =x x, Device Id =x x, Class Code =x x, Seg Bus Dev Func =x x x x x",computation,324
61735,1171446878,tg-c401,DEV,+ Platform Specific Error Detail:,computation,324
61736,1171446878,tg-c401,MEM,"Physical Address x, Address Mask: x, Node: x, Card: x, Module: x, Bank: x, Device: x, Row: x, Column: x,",computation,324
61737,1171446878,tg-c401,MEM,"Physical Address x, Address Mask: x, Node: x, Card: x, Module: x, Bank: x, Device: x, Row: x, Column: x,",computation,324
61738,1171446892,tg-c401,DEV,+BEGIN HARDWARE ERROR STATE AT CPE,computation,324
61739,1171446892,tg-c401,DEV,+END HARDWARE ERROR STATE AT CPE,computation,324
61740,1171446892,tg-c401,DEV,+Platform PCI Component Error Info Section,computation,324
61741,1171446892,tg-c401,DEV,+Platform Specific Error Info Section,computation,324
61742,1171446892,tg-c401,DEV,"Component Info: Vendor Id =x x, Device Id =x x, Class Code =x x, Seg Bus Dev Func =x x x x x",computation,324
61743,1171446892,tg-c401,DEV,"Component Info: Vendor Id =x x, Device Id =x x, Class Code =x x, Seg Bus Dev Func =x x x x x",computation,324
61744,1171446892,tg-c401,DEV,"Component Info: Vendor Id =x x, Device Id =x x, Class Code =x x, Seg Bus Dev Func =x x x x x",computation,324
61745,1171446892,tg-c401,DEV,"Component Info: Vendor Id =x x, Device Id =x x, Class Code =x x, Seg Bus Dev Func =x x x x x",computation,324
61746,1171446892,tg-c401,DEV,+ Platform Specific Error Detail:,computation,324
61747,1171446892,tg-c401,MEM,"Physical Address x, Address Mask: x, Node: x, Card: x, Module: x, Bank: x, Device: x, Row: x, Column: x,",computation,324
61748,1171446892,tg-c401,MEM,"Physical Address x, Address Mask: x, Node: x, Card: x, Module: x, Bank: x, Device: x, Row: x, Column: x,",computation,324
61749,1171446893,tg-c401,DEV,+BEGIN HARDWARE ERROR STATE AT CPE,computation,324
61750,1171446893,tg-c401,DEV,+END HARDWARE ERROR STATE AT CPE,computation,324
61751,1171446893,tg-c401,DEV,+Platform PCI Component Error Info Section,computation,324
61752,1171446893,tg-c401,DEV,+Platform Specific Error Info Section,computation,324
61753,1171446893,tg-c401,DEV,"Component Info: Vendor Id =x x, Device Id =x x, Class Code =x x, Seg Bus Dev Func =x x x x x",computation,324
61754,1171446893,tg-c401,DEV,"Component Info: Vendor Id =x x, Device Id =x x, Class Code =x x, Seg Bus Dev Func =x x x x x",computation,324
61755,1171446893,tg-c401,DEV,"Component Info: Vendor Id =x x, Device Id =x x, Class Code =x x, Seg Bus Dev Func =x x x x x",computation,324
61756,1171446893,tg-c401,DEV,"Component Info: Vendor Id =x x, Device Id =x x, Class Code =x x, Seg Bus Dev Func =x x x x x",computation,324
61757,1171446893,tg-c401,DEV,+ Platform Specific Error Detail:,computation,324
61758,1171446893,tg-c401,MEM,"Physical Address x, Address Mask: x, Node: x, Card: x, Module: x, Bank: x, Device: x, Row: x, Column: x,",computation,324
61759,1171446893,tg-c401,MEM,"Physical Address x, Address Mask: x, Node: x, Card: x, Module: x, Bank: x, Device: x, Row: x, Column: x,",computation,324
61760,1171446919,tg-c401,DEV,+BEGIN HARDWARE ERROR STATE AT CPE,computation,324
61761,1171446920,tg-c401,DEV,+Platform PCI Component Error Info Section,computation,324
61762,1171446920,tg-c401,DEV,"Component Info: Vendor Id =x x, Device Id =x x, Class Code =x x, Seg Bus Dev Func =x x x x x",computation,324
61763,1171446920,tg-c401,DEV,"Component Info: Vendor Id =x x, Device Id =x x, Class Code =x x, Seg Bus Dev Func =x x x x x",computation,324
61764,1171446920,tg-c401,DEV,"Component Info: Vendor Id =x x, Device Id =x x, Class Code =x x, Seg Bus Dev Func =x x x x x",computation,324
61765,1171446920,tg-c401,DEV,"Component Info: Vendor Id =x x, Device Id =x x, Class Code =x x, Seg Bus Dev Func =x x x x x",computation,324
61766,1171446920,tg-c401,DEV,+ Platform Specific Error Detail:,computation,324
61767,1171446930,tg-c401,DEV,+BEGIN HARDWARE ERROR STATE AT CPE,computation,324
61768,1171446930,tg-c401,DEV,+Platform PCI Component Error Info Section,computation,324
61769,1171446930,tg-c401,DEV,"Component Info: Vendor Id =x x, Device Id =x x, Class Code =x x, Seg Bus Dev Func =x x x x x",computation,324
61770,1171446930,tg-c401,DEV,"Component Info: Vendor Id =x x, Device Id =x x, Class Code =x x, Seg Bus Dev Func =x x x x x",computation,324
61771,1171446930,tg-c401,DEV,"Component Info: Vendor Id =x x, Device Id =x x, Class Code =x x, Seg Bus Dev Func =x x x x x",computation,324
61772,1171446931,tg-c401,DEV,+Platform PCI Component Error Info Section,computation,324
61773,1171446931,tg-c401,DEV,+Platform Specific Error Info Section,computation,324
61774,1171446931,tg-c401,DEV,"Component Info: Vendor Id =x x, Device Id =x x, Class Code =x x, Seg Bus Dev Func =x x x x x",computation,324
61775,1171446931,tg-c401,DEV,+ Platform Specific Error Detail:,computation,324
61776,1171446931,tg-c401,MEM,"Physical Address x, Address Mask: x, Node: x, Card: x, Module: x, Bank: x, Device: x, Row: x, Column: x,",computation,324
61777,1171446931,tg-c401,MEM,"Physical Address x, Address Mask: x, Node: x, Card: x, Module: x, Bank: x, Device: x, Row: x, Column: x,",computation,324
61778,1171446991,tg-c401,DEV,+BEGIN HARDWARE ERROR STATE AT CPE,computation,324
61779,1171446991,tg-c401,DEV,+Platform PCI Component Error Info Section,computation,324
61780,1171446991,tg-c401,DEV,"Component Info: Vendor Id =x x, Device Id =x x, Class Code =x x, Seg Bus Dev Func =x x x x x",computation,324
61781,1171446991,tg-c401,DEV,"Component Info: Vendor Id =x x, Device Id =x x, Class Code =x x, Seg Bus Dev Func =x x x x x",computation,324
61782,1171446991,tg-c401,DEV,"Component Info: Vendor Id =x x, Device Id =x x, Class Code =x x, Seg Bus Dev Func =x x x x x",computation,324
61783,1171447048,tg-c401,DEV,+BEGIN HARDWARE ERROR STATE AT CPE,computation,324
61784,1171447048,tg-c401,DEV,+Platform PCI Component Error Info Section,computation,324
61785,1171447048,tg-c401,DEV,"Component Info: Vendor Id =x x, Device Id =x x, Class Code =x x, Seg Bus Dev Func =x x x x x",computation,324
61786,1171447048,tg-c401,DEV,"Component Info: Vendor Id =x x, Device Id =x x, Class Code =x x, Seg Bus Dev Func =x x x x x",computation,324
61787,1171447049,tg-c401,DEV,"Component Info: Vendor Id =x x, Device Id =x x, Class Code =x x, Seg Bus Dev Func =x x x x x",computation,324
61788,1171447049,tg-c401,DEV,"Component Info: Vendor Id =x x, Device Id =x x, Class Code =x x, Seg Bus Dev Func =x x x x x",computation,324
61789,1171447049,tg-c401,DEV,+ Platform Specific Error Detail:,computation,324
61790,1171447049,tg-c401,MEM,"Physical Address x, Address Mask: x, Node: x, Card: x, Module: x, Bank: x, Device: x, Row: x, Column: x,",computation,324
61791,1171447049,tg-c401,MEM,"Physical Address x, Address Mask: x, Node: x, Card: x, Module: x, Bank: x, Device: x, Row: x, Column: x,",computation,324
61792,1171447054,tg-c401,DEV,+BEGIN HARDWARE ERROR STATE AT CPE,computation,324
61793,1171447054,tg-c401,DEV,+Platform PCI Component Error Info Section,computation,324
61794,1171447054,tg-c401,DEV,+Platform Specific Error Info Section,computation,324
61795,1171447054,tg-c401,DEV,"Component Info: Vendor Id =x x, Device Id =x x, Class Code =x x, Seg Bus Dev Func =x x x x x",computation,324
61796,1171447054,tg-c401,DEV,"Component Info: Vendor Id =x x, Device Id =x x, Class Code =x x, Seg Bus Dev Func =x x x x x",computation,324
61797,1171447054,tg-c401,DEV,"Component Info: Vendor Id =x x, Device Id =x x, Class Code =x x, Seg Bus Dev Func =x x x x x",computation,324
61798,1171447054,tg-c401,DEV,"Component Info: Vendor Id =x x, Device Id =x x, Class Code =x x, Seg Bus Dev Func =x x x x x",computation,324
61799,1171447054,tg-c401,MEM,"Physical Address x, Address Mask: x, Node: x, Card: x, Module: x, Bank: x, Device: x, Row: x, Column: x,",computation,324
61800,1171447054,tg-c401,MEM,"Physical Address x, Address Mask: x, Node: x, Card: x, Module: x, Bank: x, Device: x, Row: x, Column: x,",computation,324
61801,1171447055,tg-c401,DEV,+END HARDWARE ERROR STATE AT CPE,computation,324
61802,1171447055,tg-c401,DEV,+ Platform Specific Error Detail:,computation,324
61803,1171447065,tg-c401,DEV,+BEGIN HARDWARE ERROR STATE AT CPE,computation,324
61804,1171447065,tg-c401,DEV,+Platform PCI Component Error Info Section,computation,324
61805,1171447065,tg-c401,DEV,"Component Info: Vendor Id =x x, Device Id =x x, Class Code =x x, Seg Bus Dev Func =x x x x x",computation,324
61806,1171447071,tg-c401,DEV,+BEGIN HARDWARE ERROR STATE AT CPE,computation,324
61807,1171447071,tg-c401,DEV,+Platform PCI Component Error Info Section,computation,324
61808,1171447071,tg-c401,DEV,+Platform Specific Error Info Section,computation,324
61809,1171447071,tg-c401,DEV,"Component Info: Vendor Id =x x, Device Id =x x, Class Code =x x, Seg Bus Dev Func =x x x x x",computation,324
61810,1171447071,tg-c401,DEV,"Component Info: Vendor Id =x x, Device Id =x x, Class Code =x x, Seg Bus Dev Func =x x x x x",computation,324
61811,1171447071,tg-c401,DEV,"Component Info: Vendor Id =x x, Device Id =x x, Class Code =x x, Seg Bus Dev Func =x x x x x",computation,324
61812,1171447071,tg-c401,DEV,+ Platform Specific Error Detail:,computation,324
61813,1171447071,tg-c401,MEM,"Physical Address x, Address Mask: x, Node: x, Card: x, Module: x, Bank: x, Device: x, Row: x, Column: x,",computation,324
61814,1171447071,tg-c401,MEM,"Physical Address x, Address Mask: x, Node: x, Card: x, Module: x, Bank: x, Device: x, Row: x, Column: x,",computation,324
61815,1171447092,tg-c401,DEV,+BEGIN HARDWARE ERROR STATE AT CPE,computation,324
61816,1171447092,tg-c401,DEV,+END HARDWARE ERROR STATE AT CPE,computation,324
61817,1171447092,tg-c401,DEV,+Platform PCI Component Error Info Section,computation,324
61818,1171447092,tg-c401,DEV,+Platform Specific Error Info Section,computation,324
61819,1171447092,tg-c401,DEV,"Component Info: Vendor Id =x x, Device Id =x x, Class Code =x x, Seg Bus Dev Func =x x x x x",computation,324
61820,1171447092,tg-c401,DEV,"Component Info: Vendor Id =x x, Device Id =x x, Class Code =x x, Seg Bus Dev Func =x x x x x",computation,324
61821,1171447092,tg-c401,DEV,"Component Info: Vendor Id =x x, Device Id =x x, Class Code =x x, Seg Bus Dev Func =x x x x x",computation,324
61822,1171447092,tg-c401,DEV,"Component Info: Vendor Id =x x, Device Id =x x, Class Code =x x, Seg Bus Dev Func =x x x x x",computation,324
61823,1171447092,tg-c401,DEV,+ Platform Specific Error Detail:,computation,324
61824,1171447092,tg-c401,MEM,"Physical Address x, Address Mask: x, Node: x, Card: x, Module: x, Bank: x, Device: x, Row: x, Column: x,",computation,324
61825,1171447092,tg-c401,MEM,"Physical Address x, Address Mask: x, Node: x, Card: x, Module: x, Bank: x, Device: x, Row: x, Column: x,",computation,324
61826,1171447149,tg-c401,DEV,+BEGIN HARDWARE ERROR STATE AT CPE,computation,324
61827,1171447149,tg-c401,DEV,+Platform PCI Component Error Info Section,computation,324
61828,1171447149,tg-c401,DEV,"Component Info: Vendor Id =x x, Device Id =x x, Class Code =x x, Seg Bus Dev Func =x x x x x",computation,324
61829,1171447150,tg-c401,DEV,"Component Info: Vendor Id =x x, Device Id =x x, Class Code =x x, Seg Bus Dev Func =x x x x x",computation,324
61830,1171447150,tg-c401,DEV,"Component Info: Vendor Id =x x, Device Id =x x, Class Code =x x, Seg Bus Dev Func =x x x x x",computation,324
61831,1171447150,tg-c401,DEV,"Component Info: Vendor Id =x x, Device Id =x x, Class Code =x x, Seg Bus Dev Func =x x x x x",computation,324
61832,1171447150,tg-c401,DEV,+ Platform Specific Error Detail:,computation,324
61833,1171447150,tg-c401,MEM,"Physical Address x, Address Mask: x, Node: x, Card: x, Module: x, Bank: x, Device: x, Row: x, Column: x,",computation,324
61834,1171447150,tg-c401,MEM,"Physical Address x, Address Mask: x, Node: x, Card: x, Module: x, Bank: x, Device: x, Row: x, Column: x,",computation,324
61835,1171447155,tg-c401,DEV,+BEGIN HARDWARE ERROR STATE AT CPE,computation,324
61836,1171447155,tg-c401,DEV,+END HARDWARE ERROR STATE AT CPE,computation,324
61837,1171447155,tg-c401,DEV,+Platform PCI Component Error Info Section,computation,324
61838,1171447155,tg-c401,DEV,+Platform Specific Error Info Section,computation,324
61839,1171447155,tg-c401,DEV,"Component Info: Vendor Id =x x, Device Id =x x, Class Code =x x, Seg Bus Dev Func =x x x x x",computation,324
61840,1171447155,tg-c401,DEV,"Component Info: Vendor Id =x x, Device Id =x x, Class Code =x x, Seg Bus Dev Func =x x x x x",computation,324
61841,1171447155,tg-c401,DEV,"Component Info: Vendor Id =x x, Device Id =x x, Class Code =x x, Seg Bus Dev Func =x x x x x",computation,324
61842,1171447155,tg-c401,DEV,"Component Info: Vendor Id =x x, Device Id =x x, Class Code =x x, Seg Bus Dev Func =x x x x x",computation,324
61843,1171447155,tg-c401,DEV,+ Platform Specific Error Detail:,computation,324
61844,1171447155,tg-c401,MEM,"Physical Address x, Address Mask: x, Node: x, Card: x, Module: x, Bank: x, Device: x, Row: x, Column: x,",computation,324
61845,1171447155,tg-c401,MEM,"Physical Address x, Address Mask: x, Node: x, Card: x, Module: x, Bank: x, Device: x, Row: x, Column: x,",computation,324
61846,1171447161,tg-c401,DEV,+BEGIN HARDWARE ERROR STATE AT CPE,computation,324
61847,1171447161,tg-c401,DEV,+Platform PCI Component Error Info Section,computation,324
61848,1171447161,tg-c401,DEV,+Platform Specific Error Info Section,computation,324
61849,1171447161,tg-c401,DEV,"Component Info: Vendor Id =x x, Device Id =x x, Class Code =x x, Seg Bus Dev Func =x x x x x",computation,324
61850,1171447161,tg-c401,DEV,+ Platform Specific Error Detail:,computation,324
61851,1171447161,tg-c401,MEM,"Physical Address x, Address Mask: x, Node: x, Card: x, Module: x, Bank: x, Device: x, Row: x, Column: x,",computation,324
61852,1171447161,tg-c401,MEM,"Physical Address x, Address Mask: x, Node: x, Card: x, Module: x, Bank: x, Device: x, Row: x, Column: x,",computation,324
61853,1171447166,tg-c401,DEV,+BEGIN HARDWARE ERROR STATE AT CPE,computation,324
61854,1171447166,tg-c401,DEV,+END HARDWARE ERROR STATE AT CPE,computation,324
61855,1171447166,tg-c401,DEV,+Platform PCI Component Error Info Section,computation,324
61856,1171447166,tg-c401,DEV,+Platform Specific Error Info Section,computation,324
61857,1171447166,tg-c401,DEV,"Component Info: Vendor Id =x x, Device Id =x x, Class Code =x x, Seg Bus Dev Func =x x x x x",computation,324
61858,1171447166,tg-c401,DEV,"Component Info: Vendor Id =x x, Device Id =x x, Class Code =x x, Seg Bus Dev Func =x x x x x",computation,324
61859,1171447166,tg-c401,DEV,"Component Info: Vendor Id =x x, Device Id =x x, Class Code =x x, Seg Bus Dev Func =x x x x x",computation,324
61860,1171447166,tg-c401,DEV,"Component Info: Vendor Id =x x, Device Id =x x, Class Code =x x, Seg Bus Dev Func =x x x x x",computation,324
61861,1171447166,tg-c401,DEV,+ Platform Specific Error Detail:,computation,324
61862,1171447166,tg-c401,MEM,"Physical Address x, Address Mask: x, Node: x, Card: x, Module: x, Bank: x, Device: x, Row: x, Column: x,",computation,324
61863,1171447166,tg-c401,MEM,"Physical Address x, Address Mask: x, Node: x, Card: x, Module: x, Bank: x, Device: x, Row: x, Column: x,",computation,324
61864,1171447170,tg-c401,DEV,+BEGIN HARDWARE ERROR STATE AT CPE,computation,324
61865,1171447170,tg-c401,DEV,+Platform PCI Component Error Info Section,computation,324
61866,1171447170,tg-c401,DEV,+Platform Specific Error Info Section,computation,324
61867,1171447170,tg-c401,DEV,"Component Info: Vendor Id =x x, Device Id =x x, Class Code =x x, Seg Bus Dev Func =x x x x x",computation,324
61868,1171447170,tg-c401,DEV,"Component Info: Vendor Id =x x, Device Id =x x, Class Code =x x, Seg Bus Dev Func =x x x x x",computation,324
61869,1171447170,tg-c401,MEM,"Physical Address x, Address Mask: x, Node: x, Card: x, Module: x, Bank: x, Device: x, Row: x, Column: x,",computation,324
61870,1171447170,tg-c401,MEM,"Physical Address x, Address Mask: x, Node: x, Card: x, Module: x, Bank: x, Device: x, Row: x, Column: x,",computation,324
61871,1171447215,tg-c401,DEV,+BEGIN HARDWARE ERROR STATE AT CPE,computation,324
61872,1171447215,tg-c401,DEV,+Platform PCI Component Error Info Section,computation,324
61873,1171447216,tg-c401,DEV,+END HARDWARE ERROR STATE AT CPE,computation,324
61874,1171447216,tg-c401,DEV,+Platform Specific Error Info Section,computation,324
61875,1171447216,tg-c401,DEV,"Component Info: Vendor Id =x x, Device Id =x x, Class Code =x x, Seg Bus Dev Func =x x x x x",computation,324
61876,1171447216,tg-c401,DEV,"Component Info: Vendor Id =x x, Device Id =x x, Class Code =x x, Seg Bus Dev Func =x x x x x",computation,324
61877,1171447216,tg-c401,DEV,"Component Info: Vendor Id =x x, Device Id =x x, Class Code =x x, Seg Bus Dev Func =x x x x x",computation,324
61878,1171447216,tg-c401,DEV,"Component Info: Vendor Id =x x, Device Id =x x, Class Code =x x, Seg Bus Dev Func =x x x x x",computation,324
61879,1171447216,tg-c401,DEV,+ Platform Specific Error Detail:,computation,324
61880,1171447216,tg-c401,MEM,"Physical Address x, Address Mask: x, Node: x, Card: x, Module: x, Bank: x, Device: x, Row: x, Column: x,",computation,324
61881,1171447216,tg-c401,MEM,"Physical Address x, Address Mask: x, Node: x, Card: x, Module: x, Bank: x, Device: x, Row: x, Column: x,",computation,324
61882,1171447226,tg-c401,DEV,+BEGIN HARDWARE ERROR STATE AT CPE,computation,324
61883,1171447226,tg-c401,DEV,+END HARDWARE ERROR STATE AT CPE,computation,324
61884,1171447226,tg-c401,DEV,+Platform PCI Component Error Info Section,computation,324
61885,1171447226,tg-c401,DEV,+Platform Specific Error Info Section,computation,324
61886,1171447226,tg-c401,DEV,"Component Info: Vendor Id =x x, Device Id =x x, Class Code =x x, Seg Bus Dev Func =x x x x x",computation,324
61887,1171447226,tg-c401,DEV,"Component Info: Vendor Id =x x, Device Id =x x, Class Code =x x, Seg Bus Dev Func =x x x x x",computation,324
61888,1171447226,tg-c401,DEV,"Component Info: Vendor Id =x x, Device Id =x x, Class Code =x x, Seg Bus Dev Func =x x x x x",computation,324
61889,1171447226,tg-c401,DEV,"Component Info: Vendor Id =x x, Device Id =x x, Class Code =x x, Seg Bus Dev Func =x x x x x",computation,324
61890,1171447226,tg-c401,DEV,+ Platform Specific Error Detail:,computation,324
61891,1171447226,tg-c401,MEM,"Physical Address x, Address Mask: x, Node: x, Card: x, Module: x, Bank: x, Device: x, Row: x, Column: x,",computation,324
61892,1171447226,tg-c401,MEM,"Physical Address x, Address Mask: x, Node: x, Card: x, Module: x, Bank: x, Device: x, Row: x, Column: x,",computation,324
61893,1171447227,tg-c401,DEV,+BEGIN HARDWARE ERROR STATE AT CPE,computation,324
61894,1171447227,tg-c401,DEV,+Platform PCI Component Error Info Section,computation,324
61895,1171447227,tg-c401,DEV,"Component Info: Vendor Id =x x, Device Id =x x, Class Code =x x, Seg Bus Dev Func =x x x x x",computation,324
61896,1171447227,tg-c401,DEV,"Component Info: Vendor Id =x x, Device Id =x x, Class Code =x x, Seg Bus Dev Func =x x x x x",computation,324
61897,1171447227,tg-c401,DEV,"Component Info: Vendor Id =x x, Device Id =x x, Class Code =x x, Seg Bus Dev Func =x x x x x",computation,324
61898,1171447227,tg-c401,DEV,+ Platform Specific Error Detail:,computation,324
61899,1171447227,tg-c401,MEM,"Physical Address x, Address Mask: x, Node: x, Card: x, Module: x, Bank: x, Device: x, Row: x, Column: x,",computation,324
61900,1171447227,tg-c401,MEM,"Physical Address x, Address Mask: x, Node: x, Card: x, Module: x, Bank: x, Device: x, Row: x, Column: x,",computation,324
61901,1171447243,tg-c401,DEV,"Component Info: Vendor Id =x x, Device Id =x x, Class Code =x x, Seg Bus Dev Func =x x x x x",computation,324
61902,1171447243,tg-c401,DEV,"Component Info: Vendor Id =x x, Device Id =x x, Class Code =x x, Seg Bus Dev Func =x x x x x",computation,324
61903,1171447243,tg-c401,DEV,"Component Info: Vendor Id =x x, Device Id =x x, Class Code =x x, Seg Bus Dev Func =x x x x x",computation,324
61904,1171447243,tg-c401,DEV,+ Platform Specific Error Detail:,computation,324
61905,1171447247,tg-c401,DEV,+BEGIN HARDWARE ERROR STATE AT CPE,computation,324
61906,1171447247,tg-c401,DEV,+Platform PCI Component Error Info Section,computation,324
61907,1171447247,tg-c401,DEV,+Platform Specific Error Info Section,computation,324
61908,1171447247,tg-c401,DEV,"Component Info: Vendor Id =x x, Device Id =x x, Class Code =x x, Seg Bus Dev Func =x x x x x",computation,324
61909,1171447247,tg-c401,DEV,"Component Info: Vendor Id =x x, Device Id =x x, Class Code =x x, Seg Bus Dev Func =x x x x x",computation,324
61910,1171447247,tg-c401,DEV,"Component Info: Vendor Id =x x, Device Id =x x, Class Code =x x, Seg Bus Dev Func =x x x x x",computation,324
61911,1171447247,tg-c401,DEV,"Component Info: Vendor Id =x x, Device Id =x x, Class Code =x x, Seg Bus Dev Func =x x x x x",computation,324
61912,1171447247,tg-c401,DEV,+ Platform Specific Error Detail:,computation,324
61913,1171447247,tg-c401,MEM,"Physical Address x, Address Mask: x, Node: x, Card: x, Module: x, Bank: x, Device: x, Row: x, Column: x,",computation,324
61914,1171447247,tg-c401,MEM,"Physical Address x, Address Mask: x, Node: x, Card: x, Module: x, Bank: x, Device: x, Row: x, Column: x,",computation,324
61915,1171447248,tg-c401,DEV,+BEGIN HARDWARE ERROR STATE AT CPE,computation,324
61916,1171447248,tg-c401,DEV,+Platform PCI Component Error Info Section,computation,324
61917,1171447248,tg-c401,DEV,"Component Info: Vendor Id =x x, Device Id =x x, Class Code =x x, Seg Bus Dev Func =x x x x x",computation,324
61918,1171447248,tg-c401,DEV,"Component Info: Vendor Id =x x, Device Id =x x, Class Code =x x, Seg Bus Dev Func =x x x x x",computation,324
61919,1171447248,tg-c401,DEV,"Component Info: Vendor Id =x x, Device Id =x x, Class Code =x x, Seg Bus Dev Func =x x x x x",computation,324
61920,1171447251,tg-c401,DEV,+BEGIN HARDWARE ERROR STATE AT CPE,computation,324
61921,1171447251,tg-c401,DEV,+Platform PCI Component Error Info Section,computation,324
61922,1171447251,tg-c401,DEV,"Component Info: Vendor Id =x x, Device Id =x x, Class Code =x x, Seg Bus Dev Func =x x x x x",computation,324
61923,1171447251,tg-c401,DEV,"Component Info: Vendor Id =x x, Device Id =x x, Class Code =x x, Seg Bus Dev Func =x x x x x",computation,324
61924,1171447252,tg-c401,DEV,+Platform Specific Error Info Section,computation,324
61925,1171447252,tg-c401,DEV,"Component Info: Vendor Id =x x, Device Id =x x, Class Code =x x, Seg Bus Dev Func =x x x x x",computation,324
61926,1171447252,tg-c401,DEV,"Component Info: Vendor Id =x x, Device Id =x x, Class Code =x x, Seg Bus Dev Func =x x x x x",computation,324
61927,1171447252,tg-c401,DEV,+ Platform Specific Error Detail:,computation,324
61928,1171447252,tg-c401,MEM,"Physical Address x, Address Mask: x, Node: x, Card: x, Module: x, Bank: x, Device: x, Row: x, Column: x,",computation,324
61929,1171447252,tg-c401,MEM,"Physical Address x, Address Mask: x, Node: x, Card: x, Module: x, Bank: x, Device: x, Row: x, Column: x,",computation,324
61930,1171447254,tg-c401,DEV,+BEGIN HARDWARE ERROR STATE AT CPE,computation,324
61931,1171447254,tg-c401,DEV,+Platform PCI Component Error Info Section,computation,324
61932,1171447254,tg-c401,DEV,"Component Info: Vendor Id =x x, Device Id =x x, Class Code =x x, Seg Bus Dev Func =x x x x x",computation,324
61933,1171447254,tg-c401,DEV,"Component Info: Vendor Id =x x, Device Id =x x, Class Code =x x, Seg Bus Dev Func =x x x x x",computation,324
61934,1171447327,tg-c401,DEV,+BEGIN HARDWARE ERROR STATE AT CPE,computation,324
61935,1171447327,tg-c401,DEV,+Platform PCI Component Error Info Section,computation,324
61936,1171447327,tg-c401,DEV,"Component Info: Vendor Id =x x, Device Id =x x, Class Code =x x, Seg Bus Dev Func =x x x x x",computation,324
61937,1171447350,tg-c401,DEV,+BEGIN HARDWARE ERROR STATE AT CPE,computation,324
61938,1171447350,tg-c401,DEV,+Platform PCI Component Error Info Section,computation,324
61939,1171447350,tg-c401,DEV,+Platform Specific Error Info Section,computation,324
61940,1171447350,tg-c401,DEV,"Component Info: Vendor Id =x x, Device Id =x x, Class Code =x x, Seg Bus Dev Func =x x x x x",computation,324
61941,1171447350,tg-c401,DEV,"Component Info: Vendor Id =x x, Device Id =x x, Class Code =x x, Seg Bus Dev Func =x x x x x",computation,324
61942,1171447350,tg-c401,DEV,"Component Info: Vendor Id =x x, Device Id =x x, Class Code =x x, Seg Bus Dev Func =x x x x x",computation,324
61943,1171447350,tg-c401,DEV,"Component Info: Vendor Id =x x, Device Id =x x, Class Code =x x, Seg Bus Dev Func =x x x x x",computation,324
61944,1171447350,tg-c401,MEM,"Physical Address x, Address Mask: x, Node: x, Card: x, Module: x, Bank: x, Device: x, Row: x, Column: x,",computation,324
61945,1171447350,tg-c401,MEM,"Physical Address x, Address Mask: x, Node: x, Card: x, Module: x, Bank: x, Device: x, Row: x, Column: x,",computation,324
61946,1171447351,tg-c401,DEV,+END HARDWARE ERROR STATE AT CPE,computation,324
61947,1171447351,tg-c401,DEV,+ Platform Specific Error Detail:,computation,324
61948,1171447354,tg-c401,DEV,+BEGIN HARDWARE ERROR STATE AT CPE,computation,324
61949,1171447355,tg-c401,DEV,+BEGIN HARDWARE ERROR STATE AT CPE,computation,324
61950,1171447355,tg-c401,DEV,+Platform PCI Component Error Info Section,computation,324
61951,1171447355,tg-c401,DEV,+Platform Specific Error Info Section,computation,324
61952,1171447355,tg-c401,DEV,"Component Info: Vendor Id =x x, Device Id =x x, Class Code =x x, Seg Bus Dev Func =x x x x x",computation,324
61953,1171447355,tg-c401,DEV,"Component Info: Vendor Id =x x, Device Id =x x, Class Code =x x, Seg Bus Dev Func =x x x x x",computation,324
61954,1171447355,tg-c401,DEV,"Component Info: Vendor Id =x x, Device Id =x x, Class Code =x x, Seg Bus Dev Func =x x x x x",computation,324
61955,1171447355,tg-c401,DEV,"Component Info: Vendor Id =x x, Device Id =x x, Class Code =x x, Seg Bus Dev Func =x x x x x",computation,324
61956,1171447355,tg-c401,DEV,"Component Info: Vendor Id =x x, Device Id =x x, Class Code =x x, Seg Bus Dev Func =x x x x x",computation,324
61957,1171447355,tg-c401,MEM,"Physical Address x, Address Mask: x, Node: x, Card: x, Module: x, Bank: x, Device: x, Row: x, Column: x,",computation,324
61958,1171447355,tg-c401,MEM,"Physical Address x, Address Mask: x, Node: x, Card: x, Module: x, Bank: x, Device: x, Row: x, Column: x,",computation,324
61959,1171447356,tg-c401,DEV,+Platform Specific Error Info Section,computation,324
61960,1171447356,tg-c401,DEV,"Component Info: Vendor Id =x x, Device Id =x x, Class Code =x x, Seg Bus Dev Func =x x x x x",computation,324
61961,1171447356,tg-c401,DEV,+ Platform Specific Error Detail:,computation,324
61962,1171447356,tg-c401,MEM,"Physical Address x, Address Mask: x, Node: x, Card: x, Module: x, Bank: x, Device: x, Row: x, Column: x,",computation,324
61963,1171447356,tg-c401,MEM,"Physical Address x, Address Mask: x, Node: x, Card: x, Module: x, Bank: x, Device: x, Row: x, Column: x,",computation,324
61964,1171447366,tg-c401,DEV,+END HARDWARE ERROR STATE AT CPE,computation,324
61965,1171447366,tg-c401,DEV,+Platform Specific Error Info Section,computation,324
61966,1171447366,tg-c401,DEV,"Component Info: Vendor Id =x x, Device Id =x x, Class Code =x x, Seg Bus Dev Func =x x x x x",computation,324
61967,1171447366,tg-c401,DEV,"Component Info: Vendor Id =x x, Device Id =x x, Class Code =x x, Seg Bus Dev Func =x x x x x",computation,324
61968,1171447366,tg-c401,DEV,+ Platform Specific Error Detail:,computation,324
61969,1171447366,tg-c401,MEM,"Physical Address x, Address Mask: x, Node: x, Card: x, Module: x, Bank: x, Device: x, Row: x, Column: x,",computation,324
61970,1171447366,tg-c401,MEM,"Physical Address x, Address Mask: x, Node: x, Card: x, Module: x, Bank: x, Device: x, Row: x, Column: x,",computation,324
61971,1171447397,tg-c401,DEV,+BEGIN HARDWARE ERROR STATE AT CPE,computation,324
61972,1171447397,tg-c401,DEV,+Platform PCI Component Error Info Section,computation,324
61973,1171447397,tg-c401,DEV,"Component Info: Vendor Id =x x, Device Id =x x, Class Code =x x, Seg Bus Dev Func =x x x x x",computation,324
61974,1171447437,tg-c401,DEV,+BEGIN HARDWARE ERROR STATE AT CPE,computation,324
61975,1171447437,tg-c401,DEV,+END HARDWARE ERROR STATE AT CPE,computation,324
61976,1171447437,tg-c401,DEV,+Platform PCI Component Error Info Section,computation,324
61977,1171447437,tg-c401,DEV,+Platform Specific Error Info Section,computation,324
61978,1171447437,tg-c401,DEV,"Component Info: Vendor Id =x x, Device Id =x x, Class Code =x x, Seg Bus Dev Func =x x x x x",computation,324
61979,1171447437,tg-c401,DEV,"Component Info: Vendor Id =x x, Device Id =x x, Class Code =x x, Seg Bus Dev Func =x x x x x",computation,324
61980,1171447437,tg-c401,DEV,"Component Info: Vendor Id =x x, Device Id =x x, Class Code =x x, Seg Bus Dev Func =x x x x x",computation,324
61981,1171447437,tg-c401,DEV,"Component Info: Vendor Id =x x, Device Id =x x, Class Code =x x, Seg Bus Dev Func =x x x x x",computation,324
61982,1171447437,tg-c401,DEV,+ Platform Specific Error Detail:,computation,324
61983,1171447437,tg-c401,MEM,"Physical Address x, Address Mask: x, Node: x, Card: x, Module: x, Bank: x, Device: x, Row: x, Column: x,",computation,324
61984,1171447437,tg-c401,MEM,"Physical Address x, Address Mask: x, Node: x, Card: x, Module: x, Bank: x, Device: x, Row: x, Column: x,",computation,324
61985,1171447472,tg-c401,DEV,+BEGIN HARDWARE ERROR STATE AT CPE,computation,324
61986,1171447472,tg-c401,DEV,+Platform PCI Component Error Info Section,computation,324
61987,1171447472,tg-c401,DEV,"Component Info: Vendor Id =x x, Device Id =x x, Class Code =x x, Seg Bus Dev Func =x x x x x",computation,324
61988,1171447472,tg-c401,DEV,"Component Info: Vendor Id =x x, Device Id =x x, Class Code =x x, Seg Bus Dev Func =x x x x x",computation,324
61989,1171447472,tg-c401,DEV,"Component Info: Vendor Id =x x, Device Id =x x, Class Code =x x, Seg Bus Dev Func =x x x x x",computation,324
61990,1171447473,tg-c401,DEV,+Platform Specific Error Info Section,computation,324
61991,1171447473,tg-c401,DEV,"Component Info: Vendor Id =x x, Device Id =x x, Class Code =x x, Seg Bus Dev Func =x x x x x",computation,324
61992,1171447473,tg-c401,DEV,+ Platform Specific Error Detail:,computation,324
61993,1171447473,tg-c401,MEM,"Physical Address x, Address Mask: x, Node: x, Card: x, Module: x, Bank: x, Device: x, Row: x, Column: x,",computation,324
61994,1171447473,tg-c401,MEM,"Physical Address x, Address Mask: x, Node: x, Card: x, Module: x, Bank: x, Device: x, Row: x, Column: x,",computation,324
61995,1171447478,tg-c401,DEV,+BEGIN HARDWARE ERROR STATE AT CPE,computation,324
61996,1171447478,tg-c401,DEV,+Platform PCI Component Error Info Section,computation,324
61997,1171447478,tg-c401,DEV,+Platform Specific Error Info Section,computation,324
61998,1171447478,tg-c401,DEV,"Component Info: Vendor Id =x x, Device Id =x x, Class Code =x x, Seg Bus Dev Func =x x x x x",computation,324
61999,1171447478,tg-c401,DEV,"Component Info: Vendor Id =x x, Device Id =x x, Class Code =x x, Seg Bus Dev Func =x x x x x",computation,324
62000,1171447478,tg-c401,DEV,"Component Info: Vendor Id =x x, Device Id =x x, Class Code =x x, Seg Bus Dev Func =x x x x x",computation,324
62001,1171447478,tg-c401,DEV,+ Platform Specific Error Detail:,computation,324
62002,1171447478,tg-c401,MEM,"Physical Address x, Address Mask: x, Node: x, Card: x, Module: x, Bank: x, Device: x, Row: x, Column: x,",computation,324
62003,1171447478,tg-c401,MEM,"Physical Address x, Address Mask: x, Node: x, Card: x, Module: x, Bank: x, Device: x, Row: x, Column: x,",computation,324
62004,1171447488,tg-c401,DEV,+BEGIN HARDWARE ERROR STATE AT CPE,computation,324
62005,1171447488,tg-c401,DEV,+END HARDWARE ERROR STATE AT CPE,computation,324
62006,1171447488,tg-c401,DEV,+Platform PCI Component Error Info Section,computation,324
62007,1171447488,tg-c401,DEV,"Component Info: Vendor Id =x x, Device Id =x x, Class Code =x x, Seg Bus Dev Func =x x x x x",computation,324
62008,1171447488,tg-c401,DEV,"Component Info: Vendor Id =x x, Device Id =x x, Class Code =x x, Seg Bus Dev Func =x x x x x",computation,324
62009,1171447488,tg-c401,DEV,"Component Info: Vendor Id =x x, Device Id =x x, Class Code =x x, Seg Bus Dev Func =x x x x x",computation,324
62010,1171447488,tg-c401,DEV,"Component Info: Vendor Id =x x, Device Id =x x, Class Code =x x, Seg Bus Dev Func =x x x x x",computation,324
62011,1171447488,tg-c401,DEV,+ Platform Specific Error Detail:,computation,324
62012,1171447488,tg-c401,MEM,"Physical Address x, Address Mask: x, Node: x, Card: x, Module: x, Bank: x, Device: x, Row: x, Column: x,",computation,324
62013,1171447488,tg-c401,MEM,"Physical Address x, Address Mask: x, Node: x, Card: x, Module: x, Bank: x, Device: x, Row: x, Column: x,",computation,324
62014,1171447491,tg-c401,DEV,+BEGIN HARDWARE ERROR STATE AT CPE,computation,324
62015,1171447491,tg-c401,DEV,+END HARDWARE ERROR STATE AT CPE,computation,324
62016,1171447491,tg-c401,DEV,+Platform PCI Component Error Info Section,computation,324
62017,1171447491,tg-c401,DEV,+Platform Specific Error Info Section,computation,324
62018,1171447491,tg-c401,DEV,"Component Info: Vendor Id =x x, Device Id =x x, Class Code =x x, Seg Bus Dev Func =x x x x x",computation,324
62019,1171447491,tg-c401,DEV,"Component Info: Vendor Id =x x, Device Id =x x, Class Code =x x, Seg Bus Dev Func =x x x x x",computation,324
62020,1171447491,tg-c401,DEV,"Component Info: Vendor Id =x x, Device Id =x x, Class Code =x x, Seg Bus Dev Func =x x x x x",computation,324
62021,1171447491,tg-c401,DEV,"Component Info: Vendor Id =x x, Device Id =x x, Class Code =x x, Seg Bus Dev Func =x x x x x",computation,324
62022,1171447491,tg-c401,DEV,+ Platform Specific Error Detail:,computation,324
62023,1171447491,tg-c401,MEM,"Physical Address x, Address Mask: x, Node: x, Card: x, Module: x, Bank: x, Device: x, Row: x, Column: x,",computation,324
62024,1171447491,tg-c401,MEM,"Physical Address x, Address Mask: x, Node: x, Card: x, Module: x, Bank: x, Device: x, Row: x, Column: x,",computation,324
62025,1171447492,tg-c401,DEV,+BEGIN HARDWARE ERROR STATE AT CPE,computation,324
62026,1171447492,tg-c401,DEV,+END HARDWARE ERROR STATE AT CPE,computation,324
62027,1171447492,tg-c401,DEV,+Platform PCI Component Error Info Section,computation,324
62028,1171447492,tg-c401,DEV,+Platform Specific Error Info Section,computation,324
62029,1171447492,tg-c401,DEV,"Component Info: Vendor Id =x x, Device Id =x x, Class Code =x x, Seg Bus Dev Func =x x x x x",computation,324
62030,1171447492,tg-c401,DEV,"Component Info: Vendor Id =x x, Device Id =x x, Class Code =x x, Seg Bus Dev Func =x x x x x",computation,324
62031,1171447492,tg-c401,DEV,"Component Info: Vendor Id =x x, Device Id =x x, Class Code =x x, Seg Bus Dev Func =x x x x x",computation,324
62032,1171447492,tg-c401,DEV,"Component Info: Vendor Id =x x, Device Id =x x, Class Code =x x, Seg Bus Dev Func =x x x x x",computation,324
62033,1171447492,tg-c401,DEV,+ Platform Specific Error Detail:,computation,324
62034,1171447492,tg-c401,MEM,"Physical Address x, Address Mask: x, Node: x, Card: x, Module: x, Bank: x, Device: x, Row: x, Column: x,",computation,324
62035,1171447492,tg-c401,MEM,"Physical Address x, Address Mask: x, Node: x, Card: x, Module: x, Bank: x, Device: x, Row: x, Column: x,",computation,324
62036,1171447495,tg-c401,DEV,+BEGIN HARDWARE ERROR STATE AT CPE,computation,324
62037,1171447495,tg-c401,DEV,+Platform PCI Component Error Info Section,computation,324
62038,1171447495,tg-c401,DEV,"Component Info: Vendor Id =x x, Device Id =x x, Class Code =x x, Seg Bus Dev Func =x x x x x",computation,324
62039,1171447495,tg-c401,DEV,"Component Info: Vendor Id =x x, Device Id =x x, Class Code =x x, Seg Bus Dev Func =x x x x x",computation,324
62040,1171447495,tg-c401,DEV,"Component Info: Vendor Id =x x, Device Id =x x, Class Code =x x, Seg Bus Dev Func =x x x x x",computation,324
62041,1171447496,tg-c401,DEV,+Platform PCI Component Error Info Section,computation,324
62042,1171447496,tg-c401,DEV,+Platform Specific Error Info Section,computation,324
62043,1171447496,tg-c401,DEV,"Component Info: Vendor Id =x x, Device Id =x x, Class Code =x x, Seg Bus Dev Func =x x x x x",computation,324
62044,1171447496,tg-c401,DEV,+ Platform Specific Error Detail:,computation,324
62045,1171447496,tg-c401,MEM,"Physical Address x, Address Mask: x, Node: x, Card: x, Module: x, Bank: x, Device: x, Row: x, Column: x,",computation,324
62046,1171447496,tg-c401,MEM,"Physical Address x, Address Mask: x, Node: x, Card: x, Module: x, Bank: x, Device: x, Row: x, Column: x,",computation,324
62047,1171447511,tg-c401,DEV,+BEGIN HARDWARE ERROR STATE AT CPE,computation,324
62048,1171447511,tg-c401,DEV,+END HARDWARE ERROR STATE AT CPE,computation,324
62049,1171447511,tg-c401,DEV,+Platform PCI Component Error Info Section,computation,324
62050,1171447511,tg-c401,DEV,+Platform Specific Error Info Section,computation,324
62051,1171447511,tg-c401,DEV,"Component Info: Vendor Id =x x, Device Id =x x, Class Code =x x, Seg Bus Dev Func =x x x x x",computation,324
62052,1171447511,tg-c401,DEV,"Component Info: Vendor Id =x x, Device Id =x x, Class Code =x x, Seg Bus Dev Func =x x x x x",computation,324
62053,1171447511,tg-c401,DEV,"Component Info: Vendor Id =x x, Device Id =x x, Class Code =x x, Seg Bus Dev Func =x x x x x",computation,324
62054,1171447511,tg-c401,DEV,"Component Info: Vendor Id =x x, Device Id =x x, Class Code =x x, Seg Bus Dev Func =x x x x x",computation,324
62055,1171447511,tg-c401,DEV,+ Platform Specific Error Detail:,computation,324
62056,1171447511,tg-c401,MEM,"Physical Address x, Address Mask: x, Node: x, Card: x, Module: x, Bank: x, Device: x, Row: x, Column: x,",computation,324
62057,1171447511,tg-c401,MEM,"Physical Address x, Address Mask: x, Node: x, Card: x, Module: x, Bank: x, Device: x, Row: x, Column: x,",computation,324
62058,1171447516,tg-c401,DEV,+BEGIN HARDWARE ERROR STATE AT CPE,computation,324
62059,1171447516,tg-c401,DEV,+Platform PCI Component Error Info Section,computation,324
62060,1171447516,tg-c401,DEV,+Platform Specific Error Info Section,computation,324
62061,1171447516,tg-c401,DEV,"Component Info: Vendor Id =x x, Device Id =x x, Class Code =x x, Seg Bus Dev Func =x x x x x",computation,324
62062,1171447516,tg-c401,DEV,"Component Info: Vendor Id =x x, Device Id =x x, Class Code =x x, Seg Bus Dev Func =x x x x x",computation,324
62063,1171447516,tg-c401,DEV,"Component Info: Vendor Id =x x, Device Id =x x, Class Code =x x, Seg Bus Dev Func =x x x x x",computation,324
62064,1171447516,tg-c401,DEV,"Component Info: Vendor Id =x x, Device Id =x x, Class Code =x x, Seg Bus Dev Func =x x x x x",computation,324
62065,1171447516,tg-c401,DEV,+ Platform Specific Error Detail:,computation,324
62066,1171447516,tg-c401,MEM,"Physical Address x, Address Mask: x, Node: x, Card: x, Module: x, Bank: x, Device: x, Row: x, Column: x,",computation,324
62067,1171447516,tg-c401,MEM,"Physical Address x, Address Mask: x, Node: x, Card: x, Module: x, Bank: x, Device: x, Row: x, Column: x,",computation,324
62068,1171447522,tg-c401,DEV,+BEGIN HARDWARE ERROR STATE AT CPE,computation,324
62069,1171447522,tg-c401,DEV,+END HARDWARE ERROR STATE AT CPE,computation,324
62070,1171447522,tg-c401,DEV,+Platform PCI Component Error Info Section,computation,324
62071,1171447522,tg-c401,DEV,+Platform Specific Error Info Section,computation,324
62072,1171447522,tg-c401,DEV,"Component Info: Vendor Id =x x, Device Id =x x, Class Code =x x, Seg Bus Dev Func =x x x x x",computation,324
62073,1171447522,tg-c401,DEV,"Component Info: Vendor Id =x x, Device Id =x x, Class Code =x x, Seg Bus Dev Func =x x x x x",computation,324
62074,1171447522,tg-c401,DEV,"Component Info: Vendor Id =x x, Device Id =x x, Class Code =x x, Seg Bus Dev Func =x x x x x",computation,324
62075,1171447522,tg-c401,DEV,+ Platform Specific Error Detail:,computation,324
62076,1171447522,tg-c401,MEM,"Physical Address x, Address Mask: x, Node: x, Card: x, Module: x, Bank: x, Device: x, Row: x, Column: x,",computation,324
62077,1171447522,tg-c401,MEM,"Physical Address x, Address Mask: x, Node: x, Card: x, Module: x, Bank: x, Device: x, Row: x, Column: x,",computation,324
62078,1171447527,tg-c401,DEV,+BEGIN HARDWARE ERROR STATE AT CPE,computation,324
62079,1171447527,tg-c401,DEV,+Platform PCI Component Error Info Section,computation,324
62080,1171447527,tg-c401,DEV,"Component Info: Vendor Id =x x, Device Id =x x, Class Code =x x, Seg Bus Dev Func =x x x x x",computation,324
62081,1171447527,tg-c401,DEV,"Component Info: Vendor Id =x x, Device Id =x x, Class Code =x x, Seg Bus Dev Func =x x x x x",computation,324
62082,1171447527,tg-c401,DEV,"Component Info: Vendor Id =x x, Device Id =x x, Class Code =x x, Seg Bus Dev Func =x x x x x",computation,324
62083,1171447527,tg-c401,DEV,"Component Info: Vendor Id =x x, Device Id =x x, Class Code =x x, Seg Bus Dev Func =x x x x x",computation,324
62084,1171447527,tg-c401,MEM,"Physical Address x, Address Mask: x, Node: x, Card: x, Module: x, Bank: x, Device: x, Row: x, Column: x,",computation,324
62085,1171447527,tg-c401,MEM,"Physical Address x, Address Mask: x, Node: x, Card: x, Module: x, Bank: x, Device: x, Row: x, Column: x,",computation,324
62086,1171447528,tg-c401,DEV,+END HARDWARE ERROR STATE AT CPE,computation,324
62087,1171447528,tg-c401,DEV,+Platform Specific Error Info Section,computation,324
62088,1171447528,tg-c401,DEV,+ Platform Specific Error Detail:,computation,324
62089,1171447532,tg-c401,DEV,+BEGIN HARDWARE ERROR STATE AT CPE,computation,324
62090,1171447532,tg-c401,DEV,+Platform PCI Component Error Info Section,computation,324
62091,1171447532,tg-c401,DEV,"Component Info: Vendor Id =x x, Device Id =x x, Class Code =x x, Seg Bus Dev Func =x x x x x",computation,324
62092,1171447533,tg-c401,DEV,+BEGIN HARDWARE ERROR STATE AT CPE,computation,324
62093,1171447533,tg-c401,DEV,+Platform PCI Component Error Info Section,computation,324
62094,1171447533,tg-c401,DEV,"Component Info: Vendor Id =x x, Device Id =x x, Class Code =x x, Seg Bus Dev Func =x x x x x",computation,324
62095,1171447533,tg-c401,DEV,"Component Info: Vendor Id =x x, Device Id =x x, Class Code =x x, Seg Bus Dev Func =x x x x x",computation,324
62096,1171447533,tg-c401,DEV,"Component Info: Vendor Id =x x, Device Id =x x, Class Code =x x, Seg Bus Dev Func =x x x x x",computation,324
62097,1171447533,tg-c401,DEV,+ Platform Specific Error Detail:,computation,324
62098,1171447538,tg-c401,DEV,+BEGIN HARDWARE ERROR STATE AT CPE,computation,324
62099,1171447538,tg-c401,DEV,+Platform PCI Component Error Info Section,computation,324
62100,1171447538,tg-c401,DEV,+Platform Specific Error Info Section,computation,324
62101,1171447538,tg-c401,DEV,"Component Info: Vendor Id =x x, Device Id =x x, Class Code =x x, Seg Bus Dev Func =x x x x x",computation,324
62102,1171447538,tg-c401,DEV,"Component Info: Vendor Id =x x, Device Id =x x, Class Code =x x, Seg Bus Dev Func =x x x x x",computation,324
62103,1171447538,tg-c401,DEV,"Component Info: Vendor Id =x x, Device Id =x x, Class Code =x x, Seg Bus Dev Func =x x x x x",computation,324
62104,1171447538,tg-c401,DEV,+ Platform Specific Error Detail:,computation,324
62105,1171447538,tg-c401,MEM,"Physical Address x, Address Mask: x, Node: x, Card: x, Module: x, Bank: x, Device: x, Row: x, Column: x,",computation,324
62106,1171447538,tg-c401,MEM,"Physical Address x, Address Mask: x, Node: x, Card: x, Module: x, Bank: x, Device: x, Row: x, Column: x,",computation,324
62107,1171447544,tg-c401,DEV,+BEGIN HARDWARE ERROR STATE AT CPE,computation,324
62108,1171447544,tg-c401,DEV,+Platform PCI Component Error Info Section,computation,324
62109,1171447544,tg-c401,DEV,+Platform Specific Error Info Section,computation,324
62110,1171447544,tg-c401,DEV,"Component Info: Vendor Id =x x, Device Id =x x, Class Code =x x, Seg Bus Dev Func =x x x x x",computation,324
62111,1171447544,tg-c401,DEV,"Component Info: Vendor Id =x x, Device Id =x x, Class Code =x x, Seg Bus Dev Func =x x x x x",computation,324
62112,1171447544,tg-c401,DEV,"Component Info: Vendor Id =x x, Device Id =x x, Class Code =x x, Seg Bus Dev Func =x x x x x",computation,324
62113,1171447544,tg-c401,DEV,"Component Info: Vendor Id =x x, Device Id =x x, Class Code =x x, Seg Bus Dev Func =x x x x x",computation,324
62114,1171447544,tg-c401,MEM,"Physical Address x, Address Mask: x, Node: x, Card: x, Module: x, Bank: x, Device: x, Row: x, Column: x,",computation,324
62115,1171447544,tg-c401,MEM,"Physical Address x, Address Mask: x, Node: x, Card: x, Module: x, Bank: x, Device: x, Row: x, Column: x,",computation,324
62116,1171447545,tg-c401,DEV,+END HARDWARE ERROR STATE AT CPE,computation,324
62117,1171447545,tg-c401,DEV,+ Platform Specific Error Detail:,computation,324
62118,1171447559,tg-c401,DEV,+BEGIN HARDWARE ERROR STATE AT CPE,computation,324
62119,1171447559,tg-c401,DEV,+Platform PCI Component Error Info Section,computation,324
62120,1171447559,tg-c401,DEV,"Component Info: Vendor Id =x x, Device Id =x x, Class Code =x x, Seg Bus Dev Func =x x x x x",computation,324
62121,1171447560,tg-c401,DEV,+Platform PCI Component Error Info Section,computation,324
62122,1171447560,tg-c401,DEV,+Platform Specific Error Info Section,computation,324
62123,1171447560,tg-c401,DEV,"Component Info: Vendor Id =x x, Device Id =x x, Class Code =x x, Seg Bus Dev Func =x x x x x",computation,324
62124,1171447560,tg-c401,DEV,"Component Info: Vendor Id =x x, Device Id =x x, Class Code =x x, Seg Bus Dev Func =x x x x x",computation,324
62125,1171447560,tg-c401,DEV,"Component Info: Vendor Id =x x, Device Id =x x, Class Code =x x, Seg Bus Dev Func =x x x x x",computation,324
62126,1171447560,tg-c401,DEV,+ Platform Specific Error Detail:,computation,324
62127,1171447560,tg-c401,MEM,"Physical Address x, Address Mask: x, Node: x, Card: x, Module: x, Bank: x, Device: x, Row: x, Column: x,",computation,324
62128,1171447560,tg-c401,MEM,"Physical Address x, Address Mask: x, Node: x, Card: x, Module: x, Bank: x, Device: x, Row: x, Column: x,",computation,324
62129,1171447572,tg-c401,DEV,+BEGIN HARDWARE ERROR STATE AT CPE,computation,324
62130,1171447572,tg-c401,DEV,+Platform PCI Component Error Info Section,computation,324
62131,1171447572,tg-c401,DEV,"Component Info: Vendor Id =x x, Device Id =x x, Class Code =x x, Seg Bus Dev Func =x x x x x",computation,324
62132,1171447572,tg-c401,DEV,"Component Info: Vendor Id =x x, Device Id =x x, Class Code =x x, Seg Bus Dev Func =x x x x x",computation,324
62133,1171447573,tg-c401,DEV,+BEGIN HARDWARE ERROR STATE AT CPE,computation,324
62134,1171447573,tg-c401,DEV,+END HARDWARE ERROR STATE AT CPE,computation,324
62135,1171447573,tg-c401,DEV,+Platform PCI Component Error Info Section,computation,324
62136,1171447573,tg-c401,DEV,+Platform Specific Error Info Section,computation,324
62137,1171447573,tg-c401,DEV,"Component Info: Vendor Id =x x, Device Id =x x, Class Code =x x, Seg Bus Dev Func =x x x x x",computation,324
62138,1171447573,tg-c401,DEV,"Component Info: Vendor Id =x x, Device Id =x x, Class Code =x x, Seg Bus Dev Func =x x x x x",computation,324
62139,1171447573,tg-c401,DEV,"Component Info: Vendor Id =x x, Device Id =x x, Class Code =x x, Seg Bus Dev Func =x x x x x",computation,324
62140,1171447573,tg-c401,DEV,"Component Info: Vendor Id =x x, Device Id =x x, Class Code =x x, Seg Bus Dev Func =x x x x x",computation,324
62141,1171447573,tg-c401,DEV,"Component Info: Vendor Id =x x, Device Id =x x, Class Code =x x, Seg Bus Dev Func =x x x x x",computation,324
62142,1171447573,tg-c401,DEV,"Component Info: Vendor Id =x x, Device Id =x x, Class Code =x x, Seg Bus Dev Func =x x x x x",computation,324
62143,1171447573,tg-c401,DEV,+ Platform Specific Error Detail:,computation,324
62144,1171447573,tg-c401,MEM,"Physical Address x, Address Mask: x, Node: x, Card: x, Module: x, Bank: x, Device: x, Row: x, Column: x,",computation,324
62145,1171447573,tg-c401,MEM,"Physical Address x, Address Mask: x, Node: x, Card: x, Module: x, Bank: x, Device: x, Row: x, Column: x,",computation,324
62146,1171447598,tg-c401,DEV,+BEGIN HARDWARE ERROR STATE AT CPE,computation,324
62147,1171447598,tg-c401,DEV,+END HARDWARE ERROR STATE AT CPE,computation,324
62148,1171447598,tg-c401,DEV,+Platform PCI Component Error Info Section,computation,324
62149,1171447598,tg-c401,DEV,+Platform Specific Error Info Section,computation,324
62150,1171447598,tg-c401,DEV,"Component Info: Vendor Id =x x, Device Id =x x, Class Code =x x, Seg Bus Dev Func =x x x x x",computation,324
62151,1171447598,tg-c401,DEV,"Component Info: Vendor Id =x x, Device Id =x x, Class Code =x x, Seg Bus Dev Func =x x x x x",computation,324
62152,1171447598,tg-c401,DEV,"Component Info: Vendor Id =x x, Device Id =x x, Class Code =x x, Seg Bus Dev Func =x x x x x",computation,324
62153,1171447598,tg-c401,DEV,"Component Info: Vendor Id =x x, Device Id =x x, Class Code =x x, Seg Bus Dev Func =x x x x x",computation,324
62154,1171447598,tg-c401,DEV,+ Platform Specific Error Detail:,computation,324
62155,1171447598,tg-c401,MEM,"Physical Address x, Address Mask: x, Node: x, Card: x, Module: x, Bank: x, Device: x, Row: x, Column: x,",computation,324
62156,1171447598,tg-c401,MEM,"Physical Address x, Address Mask: x, Node: x, Card: x, Module: x, Bank: x, Device: x, Row: x, Column: x,",computation,324
62157,1171447623,tg-c401,DEV,+BEGIN HARDWARE ERROR STATE AT CPE,computation,324
62158,1171447623,tg-c401,DEV,+Platform PCI Component Error Info Section,computation,324
62159,1171447623,tg-c401,DEV,+Platform Specific Error Info Section,computation,324
62160,1171447623,tg-c401,DEV,"Component Info: Vendor Id =x x, Device Id =x x, Class Code =x x, Seg Bus Dev Func =x x x x x",computation,324
62161,1171447623,tg-c401,DEV,"Component Info: Vendor Id =x x, Device Id =x x, Class Code =x x, Seg Bus Dev Func =x x x x x",computation,324
62162,1171447623,tg-c401,DEV,"Component Info: Vendor Id =x x, Device Id =x x, Class Code =x x, Seg Bus Dev Func =x x x x x",computation,324
62163,1171447623,tg-c401,DEV,"Component Info: Vendor Id =x x, Device Id =x x, Class Code =x x, Seg Bus Dev Func =x x x x x",computation,324
62164,1171447623,tg-c401,DEV,"Component Info: Vendor Id =x x, Device Id =x x, Class Code =x x, Seg Bus Dev Func =x x x x x",computation,324
62165,1171447623,tg-c401,DEV,"Component Info: Vendor Id =x x, Device Id =x x, Class Code =x x, Seg Bus Dev Func =x x x x x",computation,324
62166,1171447623,tg-c401,DEV,"Component Info: Vendor Id =x x, Device Id =x x, Class Code =x x, Seg Bus Dev Func =x x x x x",computation,324
62167,1171447623,tg-c401,DEV,+ Platform Specific Error Detail:,computation,324
62168,1171447623,tg-c401,MEM,"Physical Address x, Address Mask: x, Node: x, Card: x, Module: x, Bank: x, Device: x, Row: x, Column: x,",computation,324
62169,1171447623,tg-c401,MEM,"Physical Address x, Address Mask: x, Node: x, Card: x, Module: x, Bank: x, Device: x, Row: x, Column: x,",computation,324
62170,1171447624,tg-c401,DEV,+END HARDWARE ERROR STATE AT CPE,computation,324
62171,1171447624,tg-c401,DEV,+ Platform Specific Error Detail:,computation,324
62172,1171447628,tg-c401,DEV,+BEGIN HARDWARE ERROR STATE AT CPE,computation,324
62173,1171447628,tg-c401,DEV,+END HARDWARE ERROR STATE AT CPE,computation,324
62174,1171447628,tg-c401,DEV,+Platform PCI Component Error Info Section,computation,324
62175,1171447628,tg-c401,DEV,+Platform Specific Error Info Section,computation,324
62176,1171447628,tg-c401,DEV,"Component Info: Vendor Id =x x, Device Id =x x, Class Code =x x, Seg Bus Dev Func =x x x x x",computation,324
62177,1171447628,tg-c401,DEV,"Component Info: Vendor Id =x x, Device Id =x x, Class Code =x x, Seg Bus Dev Func =x x x x x",computation,324
62178,1171447628,tg-c401,DEV,"Component Info: Vendor Id =x x, Device Id =x x, Class Code =x x, Seg Bus Dev Func =x x x x x",computation,324
62179,1171447628,tg-c401,DEV,+ Platform Specific Error Detail:,computation,324
62180,1171447628,tg-c401,MEM,"Physical Address x, Address Mask: x, Node: x, Card: x, Module: x, Bank: x, Device: x, Row: x, Column: x,",computation,324
62181,1171447628,tg-c401,MEM,"Physical Address x, Address Mask: x, Node: x, Card: x, Module: x, Bank: x, Device: x, Row: x, Column: x,",computation,324
62182,1171447660,tg-master,NET,setting node state to down,master,324
62183,1171447684,tg-c401,DEV,+BEGIN HARDWARE ERROR STATE AT CPE,computation,324
62184,1171447684,tg-c401,DEV,+END HARDWARE ERROR STATE AT CPE,computation,324
62185,1171447684,tg-c401,DEV,+Platform PCI Component Error Info Section,computation,324
62186,1171447684,tg-c401,DEV,+Platform Specific Error Info Section,computation,324
62187,1171447684,tg-c401,DEV,"Component Info: Vendor Id =x x, Device Id =x x, Class Code =x x, Seg Bus Dev Func =x x x x x",computation,324
62188,1171447684,tg-c401,DEV,"Component Info: Vendor Id =x x, Device Id =x x, Class Code =x x, Seg Bus Dev Func =x x x x x",computation,324
62189,1171447684,tg-c401,DEV,"Component Info: Vendor Id =x x, Device Id =x x, Class Code =x x, Seg Bus Dev Func =x x x x x",computation,324
62190,1171447684,tg-c401,DEV,+ Platform Specific Error Detail:,computation,324
62191,1171447684,tg-c401,MEM,"Physical Address x, Address Mask: x, Node: x, Card: x, Module: x, Bank: x, Device: x, Row: x, Column: x,",computation,324
62192,1171447684,tg-c401,MEM,"Physical Address x, Address Mask: x, Node: x, Card: x, Module: x, Bank: x, Device: x, Row: x, Column: x,",computation,324
62193,1171447689,tg-c401,DEV,+BEGIN HARDWARE ERROR STATE AT CPE,computation,324
62194,1171447689,tg-c401,DEV,+Platform PCI Component Error Info Section,computation,324
62195,1171447689,tg-c401,DEV,"Component Info: Vendor Id =x x, Device Id =x x, Class Code =x x, Seg Bus Dev Func =x x x x x",computation,324
62196,1171447690,tg-c401,DEV,+END HARDWARE ERROR STATE AT CPE,computation,324
62197,1171447690,tg-c401,DEV,+Platform PCI Component Error Info Section,computation,324
62198,1171447690,tg-c401,DEV,+Platform Specific Error Info Section,computation,324
62199,1171447690,tg-c401,DEV,"Component Info: Vendor Id =x x, Device Id =x x, Class Code =x x, Seg Bus Dev Func =x x x x x",computation,324
62200,1171447690,tg-c401,DEV,"Component Info: Vendor Id =x x, Device Id =x x, Class Code =x x, Seg Bus Dev Func =x x x x x",computation,324
62201,1171447690,tg-c401,DEV,"Component Info: Vendor Id =x x, Device Id =x x, Class Code =x x, Seg Bus Dev Func =x x x x x",computation,324
62202,1171447690,tg-c401,DEV,+ Platform Specific Error Detail:,computation,324
62203,1171447690,tg-c401,MEM,"Physical Address x, Address Mask: x, Node: x, Card: x, Module: x, Bank: x, Device: x, Row: x, Column: x,",computation,324
62204,1171447690,tg-c401,MEM,"Physical Address x, Address Mask: x, Node: x, Card: x, Module: x, Bank: x, Device: x, Row: x, Column: x,",computation,324
62205,1171447774,tg-c401,DEV,+BEGIN HARDWARE ERROR STATE AT CPE,computation,324
62206,1171447774,tg-c401,DEV,+Platform PCI Component Error Info Section,computation,324
62207,1171447774,tg-c401,DEV,"Component Info: Vendor Id =x x, Device Id =x x, Class Code =x x, Seg Bus Dev Func =x x x x x",computation,324
62208,1171447774,tg-c401,DEV,"Component Info: Vendor Id =x x, Device Id =x x, Class Code =x x, Seg Bus Dev Func =x x x x x",computation,324
62209,1171447774,tg-c401,DEV,"Component Info: Vendor Id =x x, Device Id =x x, Class Code =x x, Seg Bus Dev Func =x x x x x",computation,324
62210,1171447775,tg-c401,DEV,+BEGIN HARDWARE ERROR STATE AT CPE,computation,324
62211,1171447775,tg-c401,DEV,+Platform PCI Component Error Info Section,computation,324
62212,1171447775,tg-c401,DEV,+Platform Specific Error Info Section,computation,324
62213,1171447775,tg-c401,DEV,"Component Info: Vendor Id =x x, Device Id =x x, Class Code =x x, Seg Bus Dev Func =x x x x x",computation,324
62214,1171447775,tg-c401,DEV,"Component Info: Vendor Id =x x, Device Id =x x, Class Code =x x, Seg Bus Dev Func =x x x x x",computation,324
62215,1171447775,tg-c401,DEV,"Component Info: Vendor Id =x x, Device Id =x x, Class Code =x x, Seg Bus Dev Func =x x x x x",computation,324
62216,1171447775,tg-c401,DEV,"Component Info: Vendor Id =x x, Device Id =x x, Class Code =x x, Seg Bus Dev Func =x x x x x",computation,324
62217,1171447775,tg-c401,DEV,"Component Info: Vendor Id =x x, Device Id =x x, Class Code =x x, Seg Bus Dev Func =x x x x x",computation,324
62218,1171447775,tg-c401,MEM,"Physical Address x, Address Mask: x, Node: x, Card: x, Module: x, Bank: x, Device: x, Row: x, Column: x,",computation,324
62219,1171447775,tg-c401,MEM,"Physical Address x, Address Mask: x, Node: x, Card: x, Module: x, Bank: x, Device: x, Row: x, Column: x,",computation,324
62220,1171447776,tg-c401,DEV,+Platform Specific Error Info Section,computation,324
62221,1171447776,tg-c401,DEV,+ Platform Specific Error Detail:,computation,324
62222,1171447776,tg-c401,MEM,"Physical Address x, Address Mask: x, Node: x, Card: x, Module: x, Bank: x, Device: x, Row: x, Column: x,",computation,324
62223,1171447776,tg-c401,MEM,"Physical Address x, Address Mask: x, Node: x, Card: x, Module: x, Bank: x, Device: x, Row: x, Column: x,",computation,324
62224,1171447791,tg-c401,DEV,+BEGIN HARDWARE ERROR STATE AT CPE,computation,324
62225,1171447791,tg-c401,DEV,+Platform PCI Component Error Info Section,computation,324
62226,1171447791,tg-c401,DEV,+Platform Specific Error Info Section,computation,324
62227,1171447791,tg-c401,DEV,"Component Info: Vendor Id =x x, Device Id =x x, Class Code =x x, Seg Bus Dev Func =x x x x x",computation,324
62228,1171447791,tg-c401,DEV,"Component Info: Vendor Id =x x, Device Id =x x, Class Code =x x, Seg Bus Dev Func =x x x x x",computation,324
62229,1171447791,tg-c401,DEV,"Component Info: Vendor Id =x x, Device Id =x x, Class Code =x x, Seg Bus Dev Func =x x x x x",computation,324
62230,1171447791,tg-c401,DEV,"Component Info: Vendor Id =x x, Device Id =x x, Class Code =x x, Seg Bus Dev Func =x x x x x",computation,324
62231,1171447791,tg-c401,DEV,+ Platform Specific Error Detail:,computation,324
62232,1171447791,tg-c401,MEM,"Physical Address x, Address Mask: x, Node: x, Card: x, Module: x, Bank: x, Device: x, Row: x, Column: x,",computation,324
62233,1171447791,tg-c401,MEM,"Physical Address x, Address Mask: x, Node: x, Card: x, Module: x, Bank: x, Device: x, Row: x, Column: x,",computation,324
62234,1171447792,tg-c401,DEV,+BEGIN HARDWARE ERROR STATE AT CPE,computation,324
62235,1171447792,tg-c401,DEV,+END HARDWARE ERROR STATE AT CPE,computation,324
62236,1171447792,tg-c401,DEV,+Platform PCI Component Error Info Section,computation,324
62237,1171447792,tg-c401,DEV,+Platform Specific Error Info Section,computation,324
62238,1171447792,tg-c401,DEV,"Component Info: Vendor Id =x x, Device Id =x x, Class Code =x x, Seg Bus Dev Func =x x x x x",computation,324
62239,1171447792,tg-c401,DEV,"Component Info: Vendor Id =x x, Device Id =x x, Class Code =x x, Seg Bus Dev Func =x x x x x",computation,324
62240,1171447792,tg-c401,DEV,"Component Info: Vendor Id =x x, Device Id =x x, Class Code =x x, Seg Bus Dev Func =x x x x x",computation,324
62241,1171447792,tg-c401,DEV,"Component Info: Vendor Id =x x, Device Id =x x, Class Code =x x, Seg Bus Dev Func =x x x x x",computation,324
62242,1171447792,tg-c401,DEV,+ Platform Specific Error Detail:,computation,324
62243,1171447792,tg-c401,MEM,"Physical Address x, Address Mask: x, Node: x, Card: x, Module: x, Bank: x, Device: x, Row: x, Column: x,",computation,324
62244,1171447792,tg-c401,MEM,"Physical Address x, Address Mask: x, Node: x, Card: x, Module: x, Bank: x, Device: x, Row: x, Column: x,",computation,324
62245,1171447796,tg-c401,DEV,+BEGIN HARDWARE ERROR STATE AT CPE,computation,324
62246,1171447796,tg-c401,DEV,+Platform PCI Component Error Info Section,computation,324
62247,1171447796,tg-c401,DEV,+Platform Specific Error Info Section,computation,324
62248,1171447796,tg-c401,DEV,"Component Info: Vendor Id =x x, Device Id =x x, Class Code =x x, Seg Bus Dev Func =x x x x x",computation,324
62249,1171447796,tg-c401,DEV,"Component Info: Vendor Id =x x, Device Id =x x, Class Code =x x, Seg Bus Dev Func =x x x x x",computation,324
62250,1171447796,tg-c401,DEV,"Component Info: Vendor Id =x x, Device Id =x x, Class Code =x x, Seg Bus Dev Func =x x x x x",computation,324
62251,1171447796,tg-c401,DEV,"Component Info: Vendor Id =x x, Device Id =x x, Class Code =x x, Seg Bus Dev Func =x x x x x",computation,324
62252,1171447796,tg-c401,DEV,+ Platform Specific Error Detail:,computation,324
62253,1171447796,tg-c401,MEM,"Physical Address x, Address Mask: x, Node: x, Card: x, Module: x, Bank: x, Device: x, Row: x, Column: x,",computation,324
62254,1171447796,tg-c401,MEM,"Physical Address x, Address Mask: x, Node: x, Card: x, Module: x, Bank: x, Device: x, Row: x, Column: x,",computation,324
62255,1171447825,tg-c401,DEV,+BEGIN HARDWARE ERROR STATE AT CPE,computation,324
62256,1171447825,tg-c401,DEV,+END HARDWARE ERROR STATE AT CPE,computation,324
62257,1171447825,tg-c401,DEV,+Platform PCI Component Error Info Section,computation,324
62258,1171447825,tg-c401,DEV,+Platform Specific Error Info Section,computation,324
62259,1171447825,tg-c401,DEV,"Component Info: Vendor Id =x x, Device Id =x x, Class Code =x x, Seg Bus Dev Func =x x x x x",computation,324
62260,1171447825,tg-c401,DEV,"Component Info: Vendor Id =x x, Device Id =x x, Class Code =x x, Seg Bus Dev Func =x x x x x",computation,324
62261,1171447825,tg-c401,DEV,"Component Info: Vendor Id =x x, Device Id =x x, Class Code =x x, Seg Bus Dev Func =x x x x x",computation,324
62262,1171447825,tg-c401,DEV,"Component Info: Vendor Id =x x, Device Id =x x, Class Code =x x, Seg Bus Dev Func =x x x x x",computation,324
62263,1171447825,tg-c401,DEV,+ Platform Specific Error Detail:,computation,324
62264,1171447825,tg-c401,MEM,"Physical Address x, Address Mask: x, Node: x, Card: x, Module: x, Bank: x, Device: x, Row: x, Column: x,",computation,324
62265,1171447825,tg-c401,MEM,"Physical Address x, Address Mask: x, Node: x, Card: x, Module: x, Bank: x, Device: x, Row: x, Column: x,",computation,324
62266,1171447830,tg-c401,DEV,+BEGIN HARDWARE ERROR STATE AT CPE,computation,324
62267,1171447830,tg-c401,DEV,+END HARDWARE ERROR STATE AT CPE,computation,324
62268,1171447830,tg-c401,DEV,+Platform PCI Component Error Info Section,computation,324
62269,1171447830,tg-c401,DEV,+Platform Specific Error Info Section,computation,324
62270,1171447830,tg-c401,DEV,"Component Info: Vendor Id =x x, Device Id =x x, Class Code =x x, Seg Bus Dev Func =x x x x x",computation,324
62271,1171447830,tg-c401,DEV,"Component Info: Vendor Id =x x, Device Id =x x, Class Code =x x, Seg Bus Dev Func =x x x x x",computation,324
62272,1171447830,tg-c401,DEV,"Component Info: Vendor Id =x x, Device Id =x x, Class Code =x x, Seg Bus Dev Func =x x x x x",computation,324
62273,1171447830,tg-c401,DEV,"Component Info: Vendor Id =x x, Device Id =x x, Class Code =x x, Seg Bus Dev Func =x x x x x",computation,324
62274,1171447830,tg-c401,DEV,+ Platform Specific Error Detail:,computation,324
62275,1171447830,tg-c401,MEM,"Physical Address x, Address Mask: x, Node: x, Card: x, Module: x, Bank: x, Device: x, Row: x, Column: x,",computation,324
62276,1171447830,tg-c401,MEM,"Physical Address x, Address Mask: x, Node: x, Card: x, Module: x, Bank: x, Device: x, Row: x, Column: x,",computation,324
62277,1171447856,tg-c401,DEV,+BEGIN HARDWARE ERROR STATE AT CPE,computation,324
62278,1171447856,tg-c401,DEV,+END HARDWARE ERROR STATE AT CPE,computation,324
62279,1171447856,tg-c401,DEV,+Platform PCI Component Error Info Section,computation,324
62280,1171447856,tg-c401,DEV,+Platform Specific Error Info Section,computation,324
62281,1171447856,tg-c401,DEV,"Component Info: Vendor Id =x x, Device Id =x x, Class Code =x x, Seg Bus Dev Func =x x x x x",computation,324
62282,1171447856,tg-c401,DEV,"Component Info: Vendor Id =x x, Device Id =x x, Class Code =x x, Seg Bus Dev Func =x x x x x",computation,324
62283,1171447856,tg-c401,DEV,"Component Info: Vendor Id =x x, Device Id =x x, Class Code =x x, Seg Bus Dev Func =x x x x x",computation,324
62284,1171447856,tg-c401,DEV,"Component Info: Vendor Id =x x, Device Id =x x, Class Code =x x, Seg Bus Dev Func =x x x x x",computation,324
62285,1171447856,tg-c401,DEV,+ Platform Specific Error Detail:,computation,324
62286,1171447856,tg-c401,MEM,"Physical Address x, Address Mask: x, Node: x, Card: x, Module: x, Bank: x, Device: x, Row: x, Column: x,",computation,324
62287,1171447856,tg-c401,MEM,"Physical Address x, Address Mask: x, Node: x, Card: x, Module: x, Bank: x, Device: x, Row: x, Column: x,",computation,324
62288,1171447933,tg-c401,DEV,+BEGIN HARDWARE ERROR STATE AT CPE,computation,324
62289,1171447933,tg-c401,DEV,+END HARDWARE ERROR STATE AT CPE,computation,324
62290,1171447933,tg-c401,DEV,+Platform PCI Component Error Info Section,computation,324
62291,1171447933,tg-c401,DEV,+Platform Specific Error Info Section,computation,324
62292,1171447933,tg-c401,DEV,"Component Info: Vendor Id =x x, Device Id =x x, Class Code =x x, Seg Bus Dev Func =x x x x x",computation,324
62293,1171447933,tg-c401,DEV,"Component Info: Vendor Id =x x, Device Id =x x, Class Code =x x, Seg Bus Dev Func =x x x x x",computation,324
62294,1171447933,tg-c401,DEV,"Component Info: Vendor Id =x x, Device Id =x x, Class Code =x x, Seg Bus Dev Func =x x x x x",computation,324
62295,1171447933,tg-c401,DEV,"Component Info: Vendor Id =x x, Device Id =x x, Class Code =x x, Seg Bus Dev Func =x x x x x",computation,324
62296,1171447933,tg-c401,DEV,+ Platform Specific Error Detail:,computation,324
62297,1171447933,tg-c401,MEM,"Physical Address x, Address Mask: x, Node: x, Card: x, Module: x, Bank: x, Device: x, Row: x, Column: x,",computation,324
62298,1171447933,tg-c401,MEM,"Physical Address x, Address Mask: x, Node: x, Card: x, Module: x, Bank: x, Device: x, Row: x, Column: x,",computation,324
62299,1171447944,tg-c401,DEV,+BEGIN HARDWARE ERROR STATE AT CPE,computation,324
62300,1171447944,tg-c401,DEV,+Platform PCI Component Error Info Section,computation,324
62301,1171447944,tg-c401,DEV,"Component Info: Vendor Id =x x, Device Id =x x, Class Code =x x, Seg Bus Dev Func =x x x x x",computation,324
62302,1171447944,tg-c401,DEV,"Component Info: Vendor Id =x x, Device Id =x x, Class Code =x x, Seg Bus Dev Func =x x x x x",computation,324
62303,1171447944,tg-c401,DEV,"Component Info: Vendor Id =x x, Device Id =x x, Class Code =x x, Seg Bus Dev Func =x x x x x",computation,324
62304,1171447944,tg-c401,DEV,"Component Info: Vendor Id =x x, Device Id =x x, Class Code =x x, Seg Bus Dev Func =x x x x x",computation,324
62305,1171447944,tg-c401,DEV,+ Platform Specific Error Detail:,computation,324
62306,1171447944,tg-c401,MEM,"Physical Address x, Address Mask: x, Node: x, Card: x, Module: x, Bank: x, Device: x, Row: x, Column: x,",computation,324
62307,1171447944,tg-c401,MEM,"Physical Address x, Address Mask: x, Node: x, Card: x, Module: x, Bank: x, Device: x, Row: x, Column: x,",computation,324
62308,1171447954,tg-c401,DEV,+BEGIN HARDWARE ERROR STATE AT CPE,computation,324
62309,1171447954,tg-c401,DEV,+END HARDWARE ERROR STATE AT CPE,computation,324
62310,1171447954,tg-c401,DEV,+Platform PCI Component Error Info Section,computation,324
62311,1171447954,tg-c401,DEV,+Platform Specific Error Info Section,computation,324
62312,1171447954,tg-c401,DEV,"Component Info: Vendor Id =x x, Device Id =x x, Class Code =x x, Seg Bus Dev Func =x x x x x",computation,324
62313,1171447954,tg-c401,DEV,"Component Info: Vendor Id =x x, Device Id =x x, Class Code =x x, Seg Bus Dev Func =x x x x x",computation,324
62314,1171447954,tg-c401,DEV,"Component Info: Vendor Id =x x, Device Id =x x, Class Code =x x, Seg Bus Dev Func =x x x x x",computation,324
62315,1171447954,tg-c401,DEV,+ Platform Specific Error Detail:,computation,324
62316,1171447954,tg-c401,MEM,"Physical Address x, Address Mask: x, Node: x, Card: x, Module: x, Bank: x, Device: x, Row: x, Column: x,",computation,324
62317,1171447954,tg-c401,MEM,"Physical Address x, Address Mask: x, Node: x, Card: x, Module: x, Bank: x, Device: x, Row: x, Column: x,",computation,324
62318,1171447955,tg-c401,DEV,+BEGIN HARDWARE ERROR STATE AT CPE,computation,324
62319,1171447955,tg-c401,DEV,+Platform PCI Component Error Info Section,computation,324
62320,1171447955,tg-c401,DEV,"Component Info: Vendor Id =x x, Device Id =x x, Class Code =x x, Seg Bus Dev Func =x x x x x",computation,324
62321,1171447958,tg-c401,DEV,+BEGIN HARDWARE ERROR STATE AT CPE,computation,324
62322,1171447958,tg-c401,DEV,+Platform PCI Component Error Info Section,computation,324
62323,1171447958,tg-c401,DEV,"Component Info: Vendor Id =x x, Device Id =x x, Class Code =x x, Seg Bus Dev Func =x x x x x",computation,324
62324,1171447958,tg-c401,DEV,"Component Info: Vendor Id =x x, Device Id =x x, Class Code =x x, Seg Bus Dev Func =x x x x x",computation,324
62325,1171447958,tg-c401,DEV,"Component Info: Vendor Id =x x, Device Id =x x, Class Code =x x, Seg Bus Dev Func =x x x x x",computation,324
62326,1171447959,tg-c401,DEV,+END HARDWARE ERROR STATE AT CPE,computation,324
62327,1171447959,tg-c401,DEV,+Platform Specific Error Info Section,computation,324
62328,1171447959,tg-c401,DEV,"Component Info: Vendor Id =x x, Device Id =x x, Class Code =x x, Seg Bus Dev Func =x x x x x",computation,324
62329,1171447959,tg-c401,DEV,+ Platform Specific Error Detail:,computation,324
62330,1171447959,tg-c401,MEM,"Physical Address x, Address Mask: x, Node: x, Card: x, Module: x, Bank: x, Device: x, Row: x, Column: x,",computation,324
62331,1171447959,tg-c401,MEM,"Physical Address x, Address Mask: x, Node: x, Card: x, Module: x, Bank: x, Device: x, Row: x, Column: x,",computation,324
62332,1171447961,tg-c401,DEV,+BEGIN HARDWARE ERROR STATE AT CPE,computation,324
62333,1171447961,tg-c401,DEV,+END HARDWARE ERROR STATE AT CPE,computation,324
62334,1171447961,tg-c401,DEV,+Platform PCI Component Error Info Section,computation,324
62335,1171447961,tg-c401,DEV,+Platform Specific Error Info Section,computation,324
62336,1171447961,tg-c401,DEV,"Component Info: Vendor Id =x x, Device Id =x x, Class Code =x x, Seg Bus Dev Func =x x x x x",computation,324
62337,1171447961,tg-c401,DEV,"Component Info: Vendor Id =x x, Device Id =x x, Class Code =x x, Seg Bus Dev Func =x x x x x",computation,324
62338,1171447961,tg-c401,DEV,"Component Info: Vendor Id =x x, Device Id =x x, Class Code =x x, Seg Bus Dev Func =x x x x x",computation,324
62339,1171447961,tg-c401,DEV,"Component Info: Vendor Id =x x, Device Id =x x, Class Code =x x, Seg Bus Dev Func =x x x x x",computation,324
62340,1171447961,tg-c401,DEV,+ Platform Specific Error Detail:,computation,324
62341,1171447961,tg-c401,MEM,"Physical Address x, Address Mask: x, Node: x, Card: x, Module: x, Bank: x, Device: x, Row: x, Column: x,",computation,324
62342,1171447961,tg-c401,MEM,"Physical Address x, Address Mask: x, Node: x, Card: x, Module: x, Bank: x, Device: x, Row: x, Column: x,",computation,324
62343,1171448044,tg-c401,DEV,+BEGIN HARDWARE ERROR STATE AT CPE,computation,324
62344,1171448044,tg-c401,DEV,+END HARDWARE ERROR STATE AT CPE,computation,324
62345,1171448044,tg-c401,DEV,+Platform PCI Component Error Info Section,computation,324
62346,1171448044,tg-c401,DEV,+Platform Specific Error Info Section,computation,324
62347,1171448044,tg-c401,DEV,"Component Info: Vendor Id =x x, Device Id =x x, Class Code =x x, Seg Bus Dev Func =x x x x x",computation,324
62348,1171448044,tg-c401,DEV,"Component Info: Vendor Id =x x, Device Id =x x, Class Code =x x, Seg Bus Dev Func =x x x x x",computation,324
62349,1171448044,tg-c401,DEV,"Component Info: Vendor Id =x x, Device Id =x x, Class Code =x x, Seg Bus Dev Func =x x x x x",computation,324
62350,1171448044,tg-c401,DEV,"Component Info: Vendor Id =x x, Device Id =x x, Class Code =x x, Seg Bus Dev Func =x x x x x",computation,324
62351,1171448044,tg-c401,DEV,+ Platform Specific Error Detail:,computation,324
62352,1171448044,tg-c401,MEM,"Physical Address x, Address Mask: x, Node: x, Card: x, Module: x, Bank: x, Device: x, Row: x, Column: x,",computation,324
62353,1171448044,tg-c401,MEM,"Physical Address x, Address Mask: x, Node: x, Card: x, Module: x, Bank: x, Device: x, Row: x, Column: x,",computation,324
62354,1171448053,tg-c401,DEV,+BEGIN HARDWARE ERROR STATE AT CPE,computation,324
62355,1171448053,tg-c401,DEV,+Platform PCI Component Error Info Section,computation,324
62356,1171448053,tg-c401,DEV,"Component Info: Vendor Id =x x, Device Id =x x, Class Code =x x, Seg Bus Dev Func =x x x x x",computation,324
62357,1171448054,tg-c401,DEV,+BEGIN HARDWARE ERROR STATE AT CPE,computation,324
62358,1171448054,tg-c401,DEV,+END HARDWARE ERROR STATE AT CPE,computation,324
62359,1171448054,tg-c401,DEV,+Platform PCI Component Error Info Section,computation,324
62360,1171448054,tg-c401,DEV,+Platform Specific Error Info Section,computation,324
62361,1171448054,tg-c401,DEV,"Component Info: Vendor Id =x x, Device Id =x x, Class Code =x x, Seg Bus Dev Func =x x x x x",computation,324
62362,1171448054,tg-c401,DEV,"Component Info: Vendor Id =x x, Device Id =x x, Class Code =x x, Seg Bus Dev Func =x x x x x",computation,324
62363,1171448054,tg-c401,DEV,"Component Info: Vendor Id =x x, Device Id =x x, Class Code =x x, Seg Bus Dev Func =x x x x x",computation,324
62364,1171448054,tg-c401,DEV,"Component Info: Vendor Id =x x, Device Id =x x, Class Code =x x, Seg Bus Dev Func =x x x x x",computation,324
62365,1171448054,tg-c401,DEV,"Component Info: Vendor Id =x x, Device Id =x x, Class Code =x x, Seg Bus Dev Func =x x x x x",computation,324
62366,1171448054,tg-c401,DEV,+ Platform Specific Error Detail:,computation,324
62367,1171448054,tg-c401,MEM,"Physical Address x, Address Mask: x, Node: x, Card: x, Module: x, Bank: x, Device: x, Row: x, Column: x,",computation,324
62368,1171448054,tg-c401,MEM,"Physical Address x, Address Mask: x, Node: x, Card: x, Module: x, Bank: x, Device: x, Row: x, Column: x,",computation,324
62369,1171448055,tg-c401,DEV,+Platform Specific Error Info Section,computation,324
62370,1171448055,tg-c401,DEV,"Component Info: Vendor Id =x x, Device Id =x x, Class Code =x x, Seg Bus Dev Func =x x x x x",computation,324
62371,1171448055,tg-c401,DEV,"Component Info: Vendor Id =x x, Device Id =x x, Class Code =x x, Seg Bus Dev Func =x x x x x",computation,324
62372,1171448055,tg-c401,DEV,+ Platform Specific Error Detail:,computation,324
62373,1171448055,tg-c401,MEM,"Physical Address x, Address Mask: x, Node: x, Card: x, Module: x, Bank: x, Device: x, Row: x, Column: x,",computation,324
62374,1171448055,tg-c401,MEM,"Physical Address x, Address Mask: x, Node: x, Card: x, Module: x, Bank: x, Device: x, Row: x, Column: x,",computation,324
62375,1171448110,tg-c401,DEV,+BEGIN HARDWARE ERROR STATE AT CPE,computation,324
62376,1171448110,tg-c401,DEV,+Platform PCI Component Error Info Section,computation,324
62377,1171448110,tg-c401,DEV,"Component Info: Vendor Id =x x, Device Id =x x, Class Code =x x, Seg Bus Dev Func =x x x x x",computation,324
62378,1171448111,tg-c401,DEV,+Platform PCI Component Error Info Section,computation,324
62379,1171448111,tg-c401,DEV,+Platform Specific Error Info Section,computation,324
62380,1171448111,tg-c401,DEV,"Component Info: Vendor Id =x x, Device Id =x x, Class Code =x x, Seg Bus Dev Func =x x x x x",computation,324
62381,1171448111,tg-c401,DEV,"Component Info: Vendor Id =x x, Device Id =x x, Class Code =x x, Seg Bus Dev Func =x x x x x",computation,324
62382,1171448111,tg-c401,DEV,+ Platform Specific Error Detail:,computation,324
62383,1171448111,tg-c401,MEM,"Physical Address x, Address Mask: x, Node: x, Card: x, Module: x, Bank: x, Device: x, Row: x, Column: x,",computation,324
62384,1171448111,tg-c401,MEM,"Physical Address x, Address Mask: x, Node: x, Card: x, Module: x, Bank: x, Device: x, Row: x, Column: x,",computation,324
62385,1171448141,tg-c401,DEV,+BEGIN HARDWARE ERROR STATE AT CPE,computation,324
62386,1171448141,tg-c401,DEV,+Platform PCI Component Error Info Section,computation,324
62387,1171448141,tg-c401,DEV,"Component Info: Vendor Id =x x, Device Id =x x, Class Code =x x, Seg Bus Dev Func =x x x x x",computation,324
62388,1171448141,tg-c401,DEV,"Component Info: Vendor Id =x x, Device Id =x x, Class Code =x x, Seg Bus Dev Func =x x x x x",computation,324
62389,1171448141,tg-c401,DEV,"Component Info: Vendor Id =x x, Device Id =x x, Class Code =x x, Seg Bus Dev Func =x x x x x",computation,324
62390,1171448142,tg-c401,DEV,+END HARDWARE ERROR STATE AT CPE,computation,324
62391,1171448142,tg-c401,DEV,+Platform PCI Component Error Info Section,computation,324
62392,1171448142,tg-c401,DEV,+Platform Specific Error Info Section,computation,324
62393,1171448142,tg-c401,DEV,"Component Info: Vendor Id =x x, Device Id =x x, Class Code =x x, Seg Bus Dev Func =x x x x x",computation,324
62394,1171448142,tg-c401,DEV,+ Platform Specific Error Detail:,computation,324
62395,1171448142,tg-c401,MEM,"Physical Address x, Address Mask: x, Node: x, Card: x, Module: x, Bank: x, Device: x, Row: x, Column: x,",computation,324
62396,1171448142,tg-c401,MEM,"Physical Address x, Address Mask: x, Node: x, Card: x, Module: x, Bank: x, Device: x, Row: x, Column: x,",computation,324
62397,1171448212,tg-c401,DEV,+BEGIN HARDWARE ERROR STATE AT CPE,computation,324
62398,1171448212,tg-c401,DEV,+END HARDWARE ERROR STATE AT CPE,computation,324
62399,1171448212,tg-c401,DEV,+Platform PCI Component Error Info Section,computation,324
62400,1171448212,tg-c401,DEV,+Platform Specific Error Info Section,computation,324
62401,1171448212,tg-c401,DEV,"Component Info: Vendor Id =x x, Device Id =x x, Class Code =x x, Seg Bus Dev Func =x x x x x",computation,324
62402,1171448212,tg-c401,DEV,"Component Info: Vendor Id =x x, Device Id =x x, Class Code =x x, Seg Bus Dev Func =x x x x x",computation,324
62403,1171448212,tg-c401,DEV,"Component Info: Vendor Id =x x, Device Id =x x, Class Code =x x, Seg Bus Dev Func =x x x x x",computation,324
62404,1171448212,tg-c401,DEV,"Component Info: Vendor Id =x x, Device Id =x x, Class Code =x x, Seg Bus Dev Func =x x x x x",computation,324
62405,1171448212,tg-c401,DEV,+ Platform Specific Error Detail:,computation,324
62406,1171448212,tg-c401,MEM,"Physical Address x, Address Mask: x, Node: x, Card: x, Module: x, Bank: x, Device: x, Row: x, Column: x,",computation,324
62407,1171448212,tg-c401,MEM,"Physical Address x, Address Mask: x, Node: x, Card: x, Module: x, Bank: x, Device: x, Row: x, Column: x,",computation,324
62408,1171448248,tg-c401,DEV,+BEGIN HARDWARE ERROR STATE AT CPE,computation,324
62409,1171448248,tg-c401,DEV,+END HARDWARE ERROR STATE AT CPE,computation,324
62410,1171448248,tg-c401,DEV,+Platform PCI Component Error Info Section,computation,324
62411,1171448248,tg-c401,DEV,+Platform Specific Error Info Section,computation,324
62412,1171448248,tg-c401,DEV,"Component Info: Vendor Id =x x, Device Id =x x, Class Code =x x, Seg Bus Dev Func =x x x x x",computation,324
62413,1171448248,tg-c401,DEV,"Component Info: Vendor Id =x x, Device Id =x x, Class Code =x x, Seg Bus Dev Func =x x x x x",computation,324
62414,1171448248,tg-c401,DEV,"Component Info: Vendor Id =x x, Device Id =x x, Class Code =x x, Seg Bus Dev Func =x x x x x",computation,324
62415,1171448248,tg-c401,DEV,"Component Info: Vendor Id =x x, Device Id =x x, Class Code =x x, Seg Bus Dev Func =x x x x x",computation,324
62416,1171448248,tg-c401,DEV,+ Platform Specific Error Detail:,computation,324
62417,1171448248,tg-c401,MEM,"Physical Address x, Address Mask: x, Node: x, Card: x, Module: x, Bank: x, Device: x, Row: x, Column: x,",computation,324
62418,1171448248,tg-c401,MEM,"Physical Address x, Address Mask: x, Node: x, Card: x, Module: x, Bank: x, Device: x, Row: x, Column: x,",computation,324
62419,1171448254,tg-c401,DEV,+BEGIN HARDWARE ERROR STATE AT CPE,computation,324
62420,1171448254,tg-c401,DEV,+Platform PCI Component Error Info Section,computation,324
62421,1171448254,tg-c401,DEV,+Platform Specific Error Info Section,computation,324
62422,1171448254,tg-c401,DEV,"Component Info: Vendor Id =x x, Device Id =x x, Class Code =x x, Seg Bus Dev Func =x x x x x",computation,324
62423,1171448254,tg-c401,DEV,"Component Info: Vendor Id =x x, Device Id =x x, Class Code =x x, Seg Bus Dev Func =x x x x x",computation,324
62424,1171448254,tg-c401,DEV,"Component Info: Vendor Id =x x, Device Id =x x, Class Code =x x, Seg Bus Dev Func =x x x x x",computation,324
62425,1171448254,tg-c401,DEV,"Component Info: Vendor Id =x x, Device Id =x x, Class Code =x x, Seg Bus Dev Func =x x x x x",computation,324
62426,1171448254,tg-c401,DEV,+ Platform Specific Error Detail:,computation,324
62427,1171448254,tg-c401,MEM,"Physical Address x, Address Mask: x, Node: x, Card: x, Module: x, Bank: x, Device: x, Row: x, Column: x,",computation,324
62428,1171448254,tg-c401,MEM,"Physical Address x, Address Mask: x, Node: x, Card: x, Module: x, Bank: x, Device: x, Row: x, Column: x,",computation,324
62429,1171448259,tg-c401,DEV,+BEGIN HARDWARE ERROR STATE AT CPE,computation,324
62430,1171448259,tg-c401,DEV,+END HARDWARE ERROR STATE AT CPE,computation,324
62431,1171448259,tg-c401,DEV,+Platform PCI Component Error Info Section,computation,324
62432,1171448259,tg-c401,DEV,+Platform Specific Error Info Section,computation,324
62433,1171448259,tg-c401,DEV,"Component Info: Vendor Id =x x, Device Id =x x, Class Code =x x, Seg Bus Dev Func =x x x x x",computation,324
62434,1171448259,tg-c401,DEV,"Component Info: Vendor Id =x x, Device Id =x x, Class Code =x x, Seg Bus Dev Func =x x x x x",computation,324
62435,1171448259,tg-c401,DEV,"Component Info: Vendor Id =x x, Device Id =x x, Class Code =x x, Seg Bus Dev Func =x x x x x",computation,324
62436,1171448259,tg-c401,DEV,"Component Info: Vendor Id =x x, Device Id =x x, Class Code =x x, Seg Bus Dev Func =x x x x x",computation,324
62437,1171448259,tg-c401,DEV,+ Platform Specific Error Detail:,computation,324
62438,1171448259,tg-c401,MEM,"Physical Address x, Address Mask: x, Node: x, Card: x, Module: x, Bank: x, Device: x, Row: x, Column: x,",computation,324
62439,1171448259,tg-c401,MEM,"Physical Address x, Address Mask: x, Node: x, Card: x, Module: x, Bank: x, Device: x, Row: x, Column: x,",computation,324
62440,1171448263,tg-c401,DEV,+BEGIN HARDWARE ERROR STATE AT CPE,computation,324
62441,1171448263,tg-c401,DEV,+Platform PCI Component Error Info Section,computation,324
62442,1171448263,tg-c401,DEV,"Component Info: Vendor Id =x x, Device Id =x x, Class Code =x x, Seg Bus Dev Func =x x x x x",computation,324
62443,1171448263,tg-c401,DEV,"Component Info: Vendor Id =x x, Device Id =x x, Class Code =x x, Seg Bus Dev Func =x x x x x",computation,324
62444,1171448264,tg-c401,DEV,+Platform PCI Component Error Info Section,computation,324
62445,1171448264,tg-c401,DEV,+Platform Specific Error Info Section,computation,324
62446,1171448264,tg-c401,DEV,"Component Info: Vendor Id =x x, Device Id =x x, Class Code =x x, Seg Bus Dev Func =x x x x x",computation,324
62447,1171448264,tg-c401,DEV,+ Platform Specific Error Detail:,computation,324
62448,1171448264,tg-c401,MEM,"Physical Address x, Address Mask: x, Node: x, Card: x, Module: x, Bank: x, Device: x, Row: x, Column: x,",computation,324
62449,1171448264,tg-c401,MEM,"Physical Address x, Address Mask: x, Node: x, Card: x, Module: x, Bank: x, Device: x, Row: x, Column: x,",computation,324
62450,1171448274,tg-c401,DEV,+BEGIN HARDWARE ERROR STATE AT CPE,computation,324
62451,1171448274,tg-c401,DEV,+Platform PCI Component Error Info Section,computation,324
62452,1171448274,tg-c401,DEV,"Component Info: Vendor Id =x x, Device Id =x x, Class Code =x x, Seg Bus Dev Func =x x x x x",computation,324
62453,1171448274,tg-c401,DEV,"Component Info: Vendor Id =x x, Device Id =x x, Class Code =x x, Seg Bus Dev Func =x x x x x",computation,324
62454,1171448274,tg-c401,DEV,"Component Info: Vendor Id =x x, Device Id =x x, Class Code =x x, Seg Bus Dev Func =x x x x x",computation,324
62455,1171448274,tg-c401,DEV,"Component Info: Vendor Id =x x, Device Id =x x, Class Code =x x, Seg Bus Dev Func =x x x x x",computation,324
62456,1171448275,tg-c401,DEV,+END HARDWARE ERROR STATE AT CPE,computation,324
62457,1171448275,tg-c401,DEV,+Platform Specific Error Info Section,computation,324
62458,1171448275,tg-c401,DEV,+ Platform Specific Error Detail:,computation,324
62459,1171448275,tg-c401,MEM,"Physical Address x, Address Mask: x, Node: x, Card: x, Module: x, Bank: x, Device: x, Row: x, Column: x,",computation,324
62460,1171448275,tg-c401,MEM,"Physical Address x, Address Mask: x, Node: x, Card: x, Module: x, Bank: x, Device: x, Row: x, Column: x,",computation,324
62461,1171448337,tg-c401,DEV,+BEGIN HARDWARE ERROR STATE AT CPE,computation,324
62462,1171448337,tg-c401,DEV,+Platform PCI Component Error Info Section,computation,324
62463,1171448337,tg-c401,DEV,+Platform Specific Error Info Section,computation,324
62464,1171448337,tg-c401,DEV,"Component Info: Vendor Id =x x, Device Id =x x, Class Code =x x, Seg Bus Dev Func =x x x x x",computation,324
62465,1171448337,tg-c401,DEV,"Component Info: Vendor Id =x x, Device Id =x x, Class Code =x x, Seg Bus Dev Func =x x x x x",computation,324
62466,1171448337,tg-c401,DEV,"Component Info: Vendor Id =x x, Device Id =x x, Class Code =x x, Seg Bus Dev Func =x x x x x",computation,324
62467,1171448337,tg-c401,DEV,"Component Info: Vendor Id =x x, Device Id =x x, Class Code =x x, Seg Bus Dev Func =x x x x x",computation,324
62468,1171448337,tg-c401,DEV,+ Platform Specific Error Detail:,computation,324
62469,1171448337,tg-c401,MEM,"Physical Address x, Address Mask: x, Node: x, Card: x, Module: x, Bank: x, Device: x, Row: x, Column: x,",computation,324
62470,1171448337,tg-c401,MEM,"Physical Address x, Address Mask: x, Node: x, Card: x, Module: x, Bank: x, Device: x, Row: x, Column: x,",computation,324
62471,1171448348,tg-c401,DEV,+BEGIN HARDWARE ERROR STATE AT CPE,computation,324
62472,1171448349,tg-c401,DEV,+Platform PCI Component Error Info Section,computation,324
62473,1171448349,tg-c401,DEV,"Component Info: Vendor Id =x x, Device Id =x x, Class Code =x x, Seg Bus Dev Func =x x x x x",computation,324
62474,1171448354,tg-c401,DEV,+BEGIN HARDWARE ERROR STATE AT CPE,computation,324
62475,1171448354,tg-c401,DEV,+END HARDWARE ERROR STATE AT CPE,computation,324
62476,1171448354,tg-c401,DEV,+Platform PCI Component Error Info Section,computation,324
62477,1171448354,tg-c401,DEV,+Platform Specific Error Info Section,computation,324
62478,1171448354,tg-c401,DEV,"Component Info: Vendor Id =x x, Device Id =x x, Class Code =x x, Seg Bus Dev Func =x x x x x",computation,324
62479,1171448354,tg-c401,DEV,"Component Info: Vendor Id =x x, Device Id =x x, Class Code =x x, Seg Bus Dev Func =x x x x x",computation,324
62480,1171448354,tg-c401,DEV,"Component Info: Vendor Id =x x, Device Id =x x, Class Code =x x, Seg Bus Dev Func =x x x x x",computation,324
62481,1171448354,tg-c401,DEV,"Component Info: Vendor Id =x x, Device Id =x x, Class Code =x x, Seg Bus Dev Func =x x x x x",computation,324
62482,1171448354,tg-c401,DEV,+ Platform Specific Error Detail:,computation,324
62483,1171448354,tg-c401,MEM,"Physical Address x, Address Mask: x, Node: x, Card: x, Module: x, Bank: x, Device: x, Row: x, Column: x,",computation,324
62484,1171448354,tg-c401,MEM,"Physical Address x, Address Mask: x, Node: x, Card: x, Module: x, Bank: x, Device: x, Row: x, Column: x,",computation,324
62485,1171448363,tg-c401,DEV,+BEGIN HARDWARE ERROR STATE AT CPE,computation,324
62486,1171448363,tg-c401,DEV,+END HARDWARE ERROR STATE AT CPE,computation,324
62487,1171448363,tg-c401,DEV,+Platform PCI Component Error Info Section,computation,324
62488,1171448363,tg-c401,DEV,+Platform Specific Error Info Section,computation,324
62489,1171448363,tg-c401,DEV,"Component Info: Vendor Id =x x, Device Id =x x, Class Code =x x, Seg Bus Dev Func =x x x x x",computation,324
62490,1171448363,tg-c401,DEV,"Component Info: Vendor Id =x x, Device Id =x x, Class Code =x x, Seg Bus Dev Func =x x x x x",computation,324
62491,1171448363,tg-c401,DEV,"Component Info: Vendor Id =x x, Device Id =x x, Class Code =x x, Seg Bus Dev Func =x x x x x",computation,324
62492,1171448363,tg-c401,DEV,"Component Info: Vendor Id =x x, Device Id =x x, Class Code =x x, Seg Bus Dev Func =x x x x x",computation,324
62493,1171448363,tg-c401,DEV,+ Platform Specific Error Detail:,computation,324
62494,1171448363,tg-c401,MEM,"Physical Address x, Address Mask: x, Node: x, Card: x, Module: x, Bank: x, Device: x, Row: x, Column: x,",computation,324
62495,1171448363,tg-c401,MEM,"Physical Address x, Address Mask: x, Node: x, Card: x, Module: x, Bank: x, Device: x, Row: x, Column: x,",computation,324
62496,1171448374,tg-c401,DEV,+BEGIN HARDWARE ERROR STATE AT CPE,computation,324
62497,1171448374,tg-c401,DEV,+END HARDWARE ERROR STATE AT CPE,computation,324
62498,1171448374,tg-c401,DEV,+Platform PCI Component Error Info Section,computation,324
62499,1171448374,tg-c401,DEV,+Platform Specific Error Info Section,computation,324
62500,1171448374,tg-c401,DEV,"Component Info: Vendor Id =x x, Device Id =x x, Class Code =x x, Seg Bus Dev Func =x x x x x",computation,324
62501,1171448374,tg-c401,DEV,"Component Info: Vendor Id =x x, Device Id =x x, Class Code =x x, Seg Bus Dev Func =x x x x x",computation,324
62502,1171448374,tg-c401,DEV,"Component Info: Vendor Id =x x, Device Id =x x, Class Code =x x, Seg Bus Dev Func =x x x x x",computation,324
62503,1171448374,tg-c401,DEV,"Component Info: Vendor Id =x x, Device Id =x x, Class Code =x x, Seg Bus Dev Func =x x x x x",computation,324
62504,1171448374,tg-c401,DEV,+ Platform Specific Error Detail:,computation,324
62505,1171448374,tg-c401,MEM,"Physical Address x, Address Mask: x, Node: x, Card: x, Module: x, Bank: x, Device: x, Row: x, Column: x,",computation,324
62506,1171448374,tg-c401,MEM,"Physical Address x, Address Mask: x, Node: x, Card: x, Module: x, Bank: x, Device: x, Row: x, Column: x,",computation,324
62507,1171448385,tg-c401,DEV,+BEGIN HARDWARE ERROR STATE AT CPE,computation,324
62508,1171448385,tg-c401,DEV,+END HARDWARE ERROR STATE AT CPE,computation,324
62509,1171448385,tg-c401,DEV,+Platform PCI Component Error Info Section,computation,324
62510,1171448385,tg-c401,DEV,+Platform Specific Error Info Section,computation,324
62511,1171448385,tg-c401,DEV,"Component Info: Vendor Id =x x, Device Id =x x, Class Code =x x, Seg Bus Dev Func =x x x x x",computation,324
62512,1171448385,tg-c401,DEV,"Component Info: Vendor Id =x x, Device Id =x x, Class Code =x x, Seg Bus Dev Func =x x x x x",computation,324
62513,1171448385,tg-c401,DEV,"Component Info: Vendor Id =x x, Device Id =x x, Class Code =x x, Seg Bus Dev Func =x x x x x",computation,324
62514,1171448385,tg-c401,DEV,"Component Info: Vendor Id =x x, Device Id =x x, Class Code =x x, Seg Bus Dev Func =x x x x x",computation,324
62515,1171448385,tg-c401,DEV,+ Platform Specific Error Detail:,computation,324
62516,1171448385,tg-c401,MEM,"Physical Address x, Address Mask: x, Node: x, Card: x, Module: x, Bank: x, Device: x, Row: x, Column: x,",computation,324
62517,1171448385,tg-c401,MEM,"Physical Address x, Address Mask: x, Node: x, Card: x, Module: x, Bank: x, Device: x, Row: x, Column: x,",computation,324
62518,1171448386,tg-c401,DEV,+BEGIN HARDWARE ERROR STATE AT CPE,computation,324
62519,1171448386,tg-c401,DEV,+END HARDWARE ERROR STATE AT CPE,computation,324
62520,1171448386,tg-c401,DEV,+Platform PCI Component Error Info Section,computation,324
62521,1171448386,tg-c401,DEV,+Platform Specific Error Info Section,computation,324
62522,1171448386,tg-c401,DEV,"Component Info: Vendor Id =x x, Device Id =x x, Class Code =x x, Seg Bus Dev Func =x x x x x",computation,324
62523,1171448386,tg-c401,DEV,"Component Info: Vendor Id =x x, Device Id =x x, Class Code =x x, Seg Bus Dev Func =x x x x x",computation,324
62524,1171448386,tg-c401,DEV,"Component Info: Vendor Id =x x, Device Id =x x, Class Code =x x, Seg Bus Dev Func =x x x x x",computation,324
62525,1171448386,tg-c401,DEV,"Component Info: Vendor Id =x x, Device Id =x x, Class Code =x x, Seg Bus Dev Func =x x x x x",computation,324
62526,1171448386,tg-c401,DEV,+ Platform Specific Error Detail:,computation,324
62527,1171448386,tg-c401,MEM,"Physical Address x, Address Mask: x, Node: x, Card: x, Module: x, Bank: x, Device: x, Row: x, Column: x,",computation,324
62528,1171448386,tg-c401,MEM,"Physical Address x, Address Mask: x, Node: x, Card: x, Module: x, Bank: x, Device: x, Row: x, Column: x,",computation,324
62529,1171448391,tg-c401,DEV,+BEGIN HARDWARE ERROR STATE AT CPE,computation,324
62530,1171448391,tg-c401,DEV,+END HARDWARE ERROR STATE AT CPE,computation,324
62531,1171448391,tg-c401,DEV,+Platform PCI Component Error Info Section,computation,324
62532,1171448391,tg-c401,DEV,+Platform Specific Error Info Section,computation,324
62533,1171448391,tg-c401,DEV,"Component Info: Vendor Id =x x, Device Id =x x, Class Code =x x, Seg Bus Dev Func =x x x x x",computation,324
62534,1171448391,tg-c401,DEV,"Component Info: Vendor Id =x x, Device Id =x x, Class Code =x x, Seg Bus Dev Func =x x x x x",computation,324
62535,1171448391,tg-c401,DEV,"Component Info: Vendor Id =x x, Device Id =x x, Class Code =x x, Seg Bus Dev Func =x x x x x",computation,324
62536,1171448391,tg-c401,DEV,"Component Info: Vendor Id =x x, Device Id =x x, Class Code =x x, Seg Bus Dev Func =x x x x x",computation,324
62537,1171448391,tg-c401,DEV,+ Platform Specific Error Detail:,computation,324
62538,1171448391,tg-c401,MEM,"Physical Address x, Address Mask: x, Node: x, Card: x, Module: x, Bank: x, Device: x, Row: x, Column: x,",computation,324
62539,1171448391,tg-c401,MEM,"Physical Address x, Address Mask: x, Node: x, Card: x, Module: x, Bank: x, Device: x, Row: x, Column: x,",computation,324
62540,1171448392,tg-c401,DEV,+BEGIN HARDWARE ERROR STATE AT CPE,computation,324
62541,1171448392,tg-c401,DEV,+END HARDWARE ERROR STATE AT CPE,computation,324
62542,1171448392,tg-c401,DEV,+Platform PCI Component Error Info Section,computation,324
62543,1171448392,tg-c401,DEV,+Platform Specific Error Info Section,computation,324
62544,1171448392,tg-c401,DEV,"Component Info: Vendor Id =x x, Device Id =x x, Class Code =x x, Seg Bus Dev Func =x x x x x",computation,324
62545,1171448392,tg-c401,DEV,"Component Info: Vendor Id =x x, Device Id =x x, Class Code =x x, Seg Bus Dev Func =x x x x x",computation,324
62546,1171448392,tg-c401,DEV,"Component Info: Vendor Id =x x, Device Id =x x, Class Code =x x, Seg Bus Dev Func =x x x x x",computation,324
62547,1171448392,tg-c401,DEV,"Component Info: Vendor Id =x x, Device Id =x x, Class Code =x x, Seg Bus Dev Func =x x x x x",computation,324
62548,1171448392,tg-c401,DEV,+ Platform Specific Error Detail:,computation,324
62549,1171448392,tg-c401,MEM,"Physical Address x, Address Mask: x, Node: x, Card: x, Module: x, Bank: x, Device: x, Row: x, Column: x,",computation,324
62550,1171448392,tg-c401,MEM,"Physical Address x, Address Mask: x, Node: x, Card: x, Module: x, Bank: x, Device: x, Row: x, Column: x,",computation,324
62551,1171448398,tg-c401,DEV,+BEGIN HARDWARE ERROR STATE AT CPE,computation,324
62552,1171448398,tg-c401,DEV,+END HARDWARE ERROR STATE AT CPE,computation,324
62553,1171448398,tg-c401,DEV,+Platform PCI Component Error Info Section,computation,324
62554,1171448398,tg-c401,DEV,+Platform Specific Error Info Section,computation,324
62555,1171448398,tg-c401,DEV,"Component Info: Vendor Id =x x, Device Id =x x, Class Code =x x, Seg Bus Dev Func =x x x x x",computation,324
62556,1171448398,tg-c401,DEV,"Component Info: Vendor Id =x x, Device Id =x x, Class Code =x x, Seg Bus Dev Func =x x x x x",computation,324
62557,1171448398,tg-c401,DEV,"Component Info: Vendor Id =x x, Device Id =x x, Class Code =x x, Seg Bus Dev Func =x x x x x",computation,324
62558,1171448398,tg-c401,DEV,"Component Info: Vendor Id =x x, Device Id =x x, Class Code =x x, Seg Bus Dev Func =x x x x x",computation,324
62559,1171448398,tg-c401,DEV,+ Platform Specific Error Detail:,computation,324
62560,1171448398,tg-c401,MEM,"Physical Address x, Address Mask: x, Node: x, Card: x, Module: x, Bank: x, Device: x, Row: x, Column: x,",computation,324
62561,1171448398,tg-c401,MEM,"Physical Address x, Address Mask: x, Node: x, Card: x, Module: x, Bank: x, Device: x, Row: x, Column: x,",computation,324
62562,1171448401,tg-c401,DEV,+BEGIN HARDWARE ERROR STATE AT CPE,computation,324
62563,1171448401,tg-c401,DEV,+Platform PCI Component Error Info Section,computation,324
62564,1171448401,tg-c401,DEV,"Component Info: Vendor Id =x x, Device Id =x x, Class Code =x x, Seg Bus Dev Func =x x x x x",computation,324
62565,1171448402,tg-c401,DEV,+END HARDWARE ERROR STATE AT CPE,computation,324
62566,1171448402,tg-c401,DEV,+Platform PCI Component Error Info Section,computation,324
62567,1171448402,tg-c401,DEV,+Platform Specific Error Info Section,computation,324
62568,1171448402,tg-c401,DEV,"Component Info: Vendor Id =x x, Device Id =x x, Class Code =x x, Seg Bus Dev Func =x x x x x",computation,324
62569,1171448402,tg-c401,DEV,"Component Info: Vendor Id =x x, Device Id =x x, Class Code =x x, Seg Bus Dev Func =x x x x x",computation,324
62570,1171448402,tg-c401,DEV,"Component Info: Vendor Id =x x, Device Id =x x, Class Code =x x, Seg Bus Dev Func =x x x x x",computation,324
62571,1171448402,tg-c401,DEV,+ Platform Specific Error Detail:,computation,324
62572,1171448402,tg-c401,MEM,"Physical Address x, Address Mask: x, Node: x, Card: x, Module: x, Bank: x, Device: x, Row: x, Column: x,",computation,324
62573,1171448402,tg-c401,MEM,"Physical Address x, Address Mask: x, Node: x, Card: x, Module: x, Bank: x, Device: x, Row: x, Column: x,",computation,324
62574,1171448444,tg-c401,DEV,+BEGIN HARDWARE ERROR STATE AT CPE,computation,324
62575,1171448444,tg-c401,DEV,+Platform PCI Component Error Info Section,computation,324
62576,1171448444,tg-c401,DEV,"Component Info: Vendor Id =x x, Device Id =x x, Class Code =x x, Seg Bus Dev Func =x x x x x",computation,324
62577,1171448444,tg-c401,DEV,"Component Info: Vendor Id =x x, Device Id =x x, Class Code =x x, Seg Bus Dev Func =x x x x x",computation,324
62578,1171448445,tg-c401,DEV,+END HARDWARE ERROR STATE AT CPE,computation,324
62579,1171448445,tg-c401,DEV,+Platform Specific Error Info Section,computation,324
62580,1171448445,tg-c401,DEV,"Component Info: Vendor Id =x x, Device Id =x x, Class Code =x x, Seg Bus Dev Func =x x x x x",computation,324
62581,1171448445,tg-c401,DEV,"Component Info: Vendor Id =x x, Device Id =x x, Class Code =x x, Seg Bus Dev Func =x x x x x",computation,324
62582,1171448445,tg-c401,DEV,+ Platform Specific Error Detail:,computation,324
62583,1171448445,tg-c401,MEM,"Physical Address x, Address Mask: x, Node: x, Card: x, Module: x, Bank: x, Device: x, Row: x, Column: x,",computation,324
62584,1171448445,tg-c401,MEM,"Physical Address x, Address Mask: x, Node: x, Card: x, Module: x, Bank: x, Device: x, Row: x, Column: x,",computation,324
62585,1171448465,tg-c401,DEV,+BEGIN HARDWARE ERROR STATE AT CPE,computation,324
62586,1171448465,tg-c401,DEV,+Platform PCI Component Error Info Section,computation,324
62587,1171448465,tg-c401,DEV,"Component Info: Vendor Id =x x, Device Id =x x, Class Code =x x, Seg Bus Dev Func =x x x x x",computation,324
62588,1171448465,tg-c401,DEV,"Component Info: Vendor Id =x x, Device Id =x x, Class Code =x x, Seg Bus Dev Func =x x x x x",computation,324
62589,1171448466,tg-c401,DEV,+Platform Specific Error Info Section,computation,324
62590,1171448466,tg-c401,DEV,"Component Info: Vendor Id =x x, Device Id =x x, Class Code =x x, Seg Bus Dev Func =x x x x x",computation,324
62591,1171448466,tg-c401,DEV,"Component Info: Vendor Id =x x, Device Id =x x, Class Code =x x, Seg Bus Dev Func =x x x x x",computation,324
62592,1171448466,tg-c401,DEV,+ Platform Specific Error Detail:,computation,324
62593,1171448466,tg-c401,MEM,"Physical Address x, Address Mask: x, Node: x, Card: x, Module: x, Bank: x, Device: x, Row: x, Column: x,",computation,324
62594,1171448466,tg-c401,MEM,"Physical Address x, Address Mask: x, Node: x, Card: x, Module: x, Bank: x, Device: x, Row: x, Column: x,",computation,324
62595,1171448476,tg-c401,DEV,+BEGIN HARDWARE ERROR STATE AT CPE,computation,324
62596,1171448476,tg-c401,DEV,+Platform PCI Component Error Info Section,computation,324
62597,1171448476,tg-c401,DEV,+Platform Specific Error Info Section,computation,324
62598,1171448476,tg-c401,DEV,"Component Info: Vendor Id =x x, Device Id =x x, Class Code =x x, Seg Bus Dev Func =x x x x x",computation,324
62599,1171448476,tg-c401,DEV,"Component Info: Vendor Id =x x, Device Id =x x, Class Code =x x, Seg Bus Dev Func =x x x x x",computation,324
62600,1171448476,tg-c401,DEV,"Component Info: Vendor Id =x x, Device Id =x x, Class Code =x x, Seg Bus Dev Func =x x x x x",computation,324
62601,1171448476,tg-c401,DEV,"Component Info: Vendor Id =x x, Device Id =x x, Class Code =x x, Seg Bus Dev Func =x x x x x",computation,324
62602,1171448476,tg-c401,DEV,"Component Info: Vendor Id =x x, Device Id =x x, Class Code =x x, Seg Bus Dev Func =x x x x x",computation,324
62603,1171448476,tg-c401,DEV,"Component Info: Vendor Id =x x, Device Id =x x, Class Code =x x, Seg Bus Dev Func =x x x x x",computation,324
62604,1171448476,tg-c401,DEV,"Component Info: Vendor Id =x x, Device Id =x x, Class Code =x x, Seg Bus Dev Func =x x x x x",computation,324
62605,1171448476,tg-c401,DEV,+ Platform Specific Error Detail:,computation,324
62606,1171448476,tg-c401,MEM,"Physical Address x, Address Mask: x, Node: x, Card: x, Module: x, Bank: x, Device: x, Row: x, Column: x,",computation,324
62607,1171448476,tg-c401,MEM,"Physical Address x, Address Mask: x, Node: x, Card: x, Module: x, Bank: x, Device: x, Row: x, Column: x,",computation,324
62608,1171448477,tg-c401,DEV,+END HARDWARE ERROR STATE AT CPE,computation,324
62609,1171448477,tg-c401,DEV,+Platform Specific Error Info Section,computation,324
62610,1171448477,tg-c401,DEV,"Component Info: Vendor Id =x x, Device Id =x x, Class Code =x x, Seg Bus Dev Func =x x x x x",computation,324
62611,1171448477,tg-c401,DEV,+ Platform Specific Error Detail:,computation,324
62612,1171448477,tg-c401,MEM,"Physical Address x, Address Mask: x, Node: x, Card: x, Module: x, Bank: x, Device: x, Row: x, Column: x,",computation,324
62613,1171448477,tg-c401,MEM,"Physical Address x, Address Mask: x, Node: x, Card: x, Module: x, Bank: x, Device: x, Row: x, Column: x,",computation,324
62614,1171448485,tg-c401,DEV,+BEGIN HARDWARE ERROR STATE AT CPE,computation,324
62615,1171448485,tg-c401,DEV,+END HARDWARE ERROR STATE AT CPE,computation,324
62616,1171448485,tg-c401,DEV,+Platform PCI Component Error Info Section,computation,324
62617,1171448485,tg-c401,DEV,+Platform Specific Error Info Section,computation,324
62618,1171448485,tg-c401,DEV,"Component Info: Vendor Id =x x, Device Id =x x, Class Code =x x, Seg Bus Dev Func =x x x x x",computation,324
62619,1171448485,tg-c401,DEV,"Component Info: Vendor Id =x x, Device Id =x x, Class Code =x x, Seg Bus Dev Func =x x x x x",computation,324
62620,1171448485,tg-c401,DEV,"Component Info: Vendor Id =x x, Device Id =x x, Class Code =x x, Seg Bus Dev Func =x x x x x",computation,324
62621,1171448485,tg-c401,DEV,"Component Info: Vendor Id =x x, Device Id =x x, Class Code =x x, Seg Bus Dev Func =x x x x x",computation,324
62622,1171448485,tg-c401,DEV,+ Platform Specific Error Detail:,computation,324
62623,1171448485,tg-c401,MEM,"Physical Address x, Address Mask: x, Node: x, Card: x, Module: x, Bank: x, Device: x, Row: x, Column: x,",computation,324
62624,1171448485,tg-c401,MEM,"Physical Address x, Address Mask: x, Node: x, Card: x, Module: x, Bank: x, Device: x, Row: x, Column: x,",computation,324
62625,1171448508,tg-c401,DEV,+BEGIN HARDWARE ERROR STATE AT CPE,computation,324
62626,1171448508,tg-c401,DEV,+Platform PCI Component Error Info Section,computation,324
62627,1171448508,tg-c401,DEV,"Component Info: Vendor Id =x x, Device Id =x x, Class Code =x x, Seg Bus Dev Func =x x x x x",computation,324
62628,1171448509,tg-c401,DEV,+Platform PCI Component Error Info Section,computation,324
62629,1171448509,tg-c401,DEV,+Platform Specific Error Info Section,computation,324
62630,1171448509,tg-c401,DEV,"Component Info: Vendor Id =x x, Device Id =x x, Class Code =x x, Seg Bus Dev Func =x x x x x",computation,324
62631,1171448509,tg-c401,DEV,"Component Info: Vendor Id =x x, Device Id =x x, Class Code =x x, Seg Bus Dev Func =x x x x x",computation,324
62632,1171448509,tg-c401,DEV,"Component Info: Vendor Id =x x, Device Id =x x, Class Code =x x, Seg Bus Dev Func =x x x x x",computation,324
62633,1171448509,tg-c401,DEV,+ Platform Specific Error Detail:,computation,324
62634,1171448509,tg-c401,MEM,"Physical Address x, Address Mask: x, Node: x, Card: x, Module: x, Bank: x, Device: x, Row: x, Column: x,",computation,324
62635,1171448509,tg-c401,MEM,"Physical Address x, Address Mask: x, Node: x, Card: x, Module: x, Bank: x, Device: x, Row: x, Column: x,",computation,324
62636,1171448518,tg-c401,DEV,+BEGIN HARDWARE ERROR STATE AT CPE,computation,324
62637,1171448518,tg-c401,DEV,+Platform PCI Component Error Info Section,computation,324
62638,1171448518,tg-c401,DEV,"Component Info: Vendor Id =x x, Device Id =x x, Class Code =x x, Seg Bus Dev Func =x x x x x",computation,324
62639,1171448518,tg-c401,DEV,"Component Info: Vendor Id =x x, Device Id =x x, Class Code =x x, Seg Bus Dev Func =x x x x x",computation,324
62640,1171448518,tg-c401,DEV,"Component Info: Vendor Id =x x, Device Id =x x, Class Code =x x, Seg Bus Dev Func =x x x x x",computation,324
62641,1171448519,tg-c401,DEV,+END HARDWARE ERROR STATE AT CPE,computation,324
62642,1171448519,tg-c401,DEV,+Platform Specific Error Info Section,computation,324
62643,1171448519,tg-c401,DEV,"Component Info: Vendor Id =x x, Device Id =x x, Class Code =x x, Seg Bus Dev Func =x x x x x",computation,324
62644,1171448519,tg-c401,DEV,+ Platform Specific Error Detail:,computation,324
62645,1171448519,tg-c401,MEM,"Physical Address x, Address Mask: x, Node: x, Card: x, Module: x, Bank: x, Device: x, Row: x, Column: x,",computation,324
62646,1171448519,tg-c401,MEM,"Physical Address x, Address Mask: x, Node: x, Card: x, Module: x, Bank: x, Device: x, Row: x, Column: x,",computation,324
62647,1171448571,tg-c401,DEV,+BEGIN HARDWARE ERROR STATE AT CPE,computation,324
62648,1171448572,tg-c401,DEV,+END HARDWARE ERROR STATE AT CPE,computation,324
62649,1171448572,tg-c401,DEV,+Platform PCI Component Error Info Section,computation,324
62650,1171448572,tg-c401,DEV,+Platform Specific Error Info Section,computation,324
62651,1171448572,tg-c401,DEV,"Component Info: Vendor Id =x x, Device Id =x x, Class Code =x x, Seg Bus Dev Func =x x x x x",computation,324
62652,1171448572,tg-c401,DEV,"Component Info: Vendor Id =x x, Device Id =x x, Class Code =x x, Seg Bus Dev Func =x x x x x",computation,324
62653,1171448572,tg-c401,DEV,"Component Info: Vendor Id =x x, Device Id =x x, Class Code =x x, Seg Bus Dev Func =x x x x x",computation,324
62654,1171448572,tg-c401,DEV,"Component Info: Vendor Id =x x, Device Id =x x, Class Code =x x, Seg Bus Dev Func =x x x x x",computation,324
62655,1171448572,tg-c401,DEV,+ Platform Specific Error Detail:,computation,324
62656,1171448572,tg-c401,MEM,"Physical Address x, Address Mask: x, Node: x, Card: x, Module: x, Bank: x, Device: x, Row: x, Column: x,",computation,324
62657,1171448572,tg-c401,MEM,"Physical Address x, Address Mask: x, Node: x, Card: x, Module: x, Bank: x, Device: x, Row: x, Column: x,",computation,324
62658,1171448590,tg-c401,DEV,+BEGIN HARDWARE ERROR STATE AT CPE,computation,324
62659,1171448590,tg-c401,DEV,+Platform PCI Component Error Info Section,computation,324
62660,1171448590,tg-c401,DEV,"Component Info: Vendor Id =x x, Device Id =x x, Class Code =x x, Seg Bus Dev Func =x x x x x",computation,324
62661,1171448591,tg-c401,DEV,+Platform PCI Component Error Info Section,computation,324
62662,1171448591,tg-c401,DEV,+Platform Specific Error Info Section,computation,324
62663,1171448591,tg-c401,DEV,"Component Info: Vendor Id =x x, Device Id =x x, Class Code =x x, Seg Bus Dev Func =x x x x x",computation,324
62664,1171448591,tg-c401,DEV,"Component Info: Vendor Id =x x, Device Id =x x, Class Code =x x, Seg Bus Dev Func =x x x x x",computation,324
62665,1171448591,tg-c401,DEV,"Component Info: Vendor Id =x x, Device Id =x x, Class Code =x x, Seg Bus Dev Func =x x x x x",computation,324
62666,1171448591,tg-c401,DEV,+ Platform Specific Error Detail:,computation,324
62667,1171448591,tg-c401,MEM,"Physical Address x, Address Mask: x, Node: x, Card: x, Module: x, Bank: x, Device: x, Row: x, Column: x,",computation,324
62668,1171448591,tg-c401,MEM,"Physical Address x, Address Mask: x, Node: x, Card: x, Module: x, Bank: x, Device: x, Row: x, Column: x,",computation,324
62669,1171448617,tg-c401,DEV,+BEGIN HARDWARE ERROR STATE AT CPE,computation,324
62670,1171448617,tg-c401,DEV,+Platform PCI Component Error Info Section,computation,324
62671,1171448617,tg-c401,DEV,"Component Info: Vendor Id =x x, Device Id =x x, Class Code =x x, Seg Bus Dev Func =x x x x x",computation,324
62672,1171448618,tg-c401,DEV,+Platform PCI Component Error Info Section,computation,324
62673,1171448618,tg-c401,DEV,+Platform Specific Error Info Section,computation,324
62674,1171448618,tg-c401,DEV,"Component Info: Vendor Id =x x, Device Id =x x, Class Code =x x, Seg Bus Dev Func =x x x x x",computation,324
62675,1171448618,tg-c401,DEV,"Component Info: Vendor Id =x x, Device Id =x x, Class Code =x x, Seg Bus Dev Func =x x x x x",computation,324
62676,1171448618,tg-c401,DEV,"Component Info: Vendor Id =x x, Device Id =x x, Class Code =x x, Seg Bus Dev Func =x x x x x",computation,324
62677,1171448618,tg-c401,DEV,+ Platform Specific Error Detail:,computation,324
62678,1171448618,tg-c401,MEM,"Physical Address x, Address Mask: x, Node: x, Card: x, Module: x, Bank: x, Device: x, Row: x, Column: x,",computation,324
62679,1171448618,tg-c401,MEM,"Physical Address x, Address Mask: x, Node: x, Card: x, Module: x, Bank: x, Device: x, Row: x, Column: x,",computation,324
62680,1171448633,tg-c401,DEV,+BEGIN HARDWARE ERROR STATE AT CPE,computation,324
62681,1171448633,tg-c401,DEV,+END HARDWARE ERROR STATE AT CPE,computation,324
62682,1171448633,tg-c401,DEV,+Platform PCI Component Error Info Section,computation,324
62683,1171448633,tg-c401,DEV,+Platform Specific Error Info Section,computation,324
62684,1171448633,tg-c401,DEV,"Component Info: Vendor Id =x x, Device Id =x x, Class Code =x x, Seg Bus Dev Func =x x x x x",computation,324
62685,1171448633,tg-c401,DEV,"Component Info: Vendor Id =x x, Device Id =x x, Class Code =x x, Seg Bus Dev Func =x x x x x",computation,324
62686,1171448633,tg-c401,DEV,"Component Info: Vendor Id =x x, Device Id =x x, Class Code =x x, Seg Bus Dev Func =x x x x x",computation,324
62687,1171448633,tg-c401,DEV,"Component Info: Vendor Id =x x, Device Id =x x, Class Code =x x, Seg Bus Dev Func =x x x x x",computation,324
62688,1171448633,tg-c401,DEV,+ Platform Specific Error Detail:,computation,324
62689,1171448633,tg-c401,MEM,"Physical Address x, Address Mask: x, Node: x, Card: x, Module: x, Bank: x, Device: x, Row: x, Column: x,",computation,324
62690,1171448633,tg-c401,MEM,"Physical Address x, Address Mask: x, Node: x, Card: x, Module: x, Bank: x, Device: x, Row: x, Column: x,",computation,324
62691,1171448638,tg-c401,DEV,+BEGIN HARDWARE ERROR STATE AT CPE,computation,324
62692,1171448638,tg-c401,DEV,+END HARDWARE ERROR STATE AT CPE,computation,324
62693,1171448638,tg-c401,DEV,+Platform PCI Component Error Info Section,computation,324
62694,1171448638,tg-c401,DEV,+Platform Specific Error Info Section,computation,324
62695,1171448638,tg-c401,DEV,"Component Info: Vendor Id =x x, Device Id =x x, Class Code =x x, Seg Bus Dev Func =x x x x x",computation,324
62696,1171448638,tg-c401,DEV,"Component Info: Vendor Id =x x, Device Id =x x, Class Code =x x, Seg Bus Dev Func =x x x x x",computation,324
62697,1171448638,tg-c401,DEV,"Component Info: Vendor Id =x x, Device Id =x x, Class Code =x x, Seg Bus Dev Func =x x x x x",computation,324
62698,1171448638,tg-c401,DEV,"Component Info: Vendor Id =x x, Device Id =x x, Class Code =x x, Seg Bus Dev Func =x x x x x",computation,324
62699,1171448638,tg-c401,DEV,+ Platform Specific Error Detail:,computation,324
62700,1171448638,tg-c401,MEM,"Physical Address x, Address Mask: x, Node: x, Card: x, Module: x, Bank: x, Device: x, Row: x, Column: x,",computation,324
62701,1171448638,tg-c401,MEM,"Physical Address x, Address Mask: x, Node: x, Card: x, Module: x, Bank: x, Device: x, Row: x, Column: x,",computation,324
62702,1171448643,tg-c401,DEV,+BEGIN HARDWARE ERROR STATE AT CPE,computation,324
62703,1171448643,tg-c401,DEV,+END HARDWARE ERROR STATE AT CPE,computation,324
62704,1171448643,tg-c401,DEV,+Platform PCI Component Error Info Section,computation,324
62705,1171448643,tg-c401,DEV,+Platform Specific Error Info Section,computation,324
62706,1171448643,tg-c401,DEV,"Component Info: Vendor Id =x x, Device Id =x x, Class Code =x x, Seg Bus Dev Func =x x x x x",computation,324
62707,1171448643,tg-c401,DEV,"Component Info: Vendor Id =x x, Device Id =x x, Class Code =x x, Seg Bus Dev Func =x x x x x",computation,324
62708,1171448643,tg-c401,DEV,"Component Info: Vendor Id =x x, Device Id =x x, Class Code =x x, Seg Bus Dev Func =x x x x x",computation,324
62709,1171448643,tg-c401,DEV,+ Platform Specific Error Detail:,computation,324
62710,1171448643,tg-c401,MEM,"Physical Address x, Address Mask: x, Node: x, Card: x, Module: x, Bank: x, Device: x, Row: x, Column: x,",computation,324
62711,1171448643,tg-c401,MEM,"Physical Address x, Address Mask: x, Node: x, Card: x, Module: x, Bank: x, Device: x, Row: x, Column: x,",computation,324
62712,1171448678,tg-c401,DEV,+BEGIN HARDWARE ERROR STATE AT CPE,computation,324
62713,1171448678,tg-c401,DEV,+Platform PCI Component Error Info Section,computation,324
62714,1171448678,tg-c401,DEV,+Platform Specific Error Info Section,computation,324
62715,1171448678,tg-c401,DEV,"Component Info: Vendor Id =x x, Device Id =x x, Class Code =x x, Seg Bus Dev Func =x x x x x",computation,324
62716,1171448678,tg-c401,DEV,"Component Info: Vendor Id =x x, Device Id =x x, Class Code =x x, Seg Bus Dev Func =x x x x x",computation,324
62717,1171448678,tg-c401,DEV,"Component Info: Vendor Id =x x, Device Id =x x, Class Code =x x, Seg Bus Dev Func =x x x x x",computation,324
62718,1171448678,tg-c401,DEV,"Component Info: Vendor Id =x x, Device Id =x x, Class Code =x x, Seg Bus Dev Func =x x x x x",computation,324
62719,1171448678,tg-c401,DEV,+ Platform Specific Error Detail:,computation,324
62720,1171448678,tg-c401,MEM,"Physical Address x, Address Mask: x, Node: x, Card: x, Module: x, Bank: x, Device: x, Row: x, Column: x,",computation,324
62721,1171448678,tg-c401,MEM,"Physical Address x, Address Mask: x, Node: x, Card: x, Module: x, Bank: x, Device: x, Row: x, Column: x,",computation,324
62722,1171448751,tg-c401,DEV,+BEGIN HARDWARE ERROR STATE AT CPE,computation,324
62723,1171448751,tg-c401,DEV,+Platform PCI Component Error Info Section,computation,324
62724,1171448751,tg-c401,DEV,"Component Info: Vendor Id =x x, Device Id =x x, Class Code =x x, Seg Bus Dev Func =x x x x x",computation,324
62725,1171448751,tg-c401,DEV,"Component Info: Vendor Id =x x, Device Id =x x, Class Code =x x, Seg Bus Dev Func =x x x x x",computation,324
62726,1171448752,tg-c401,DEV,+ Platform Specific Error Detail:,computation,324
62727,1171448798,tg-c401,DEV,+BEGIN HARDWARE ERROR STATE AT CPE,computation,324
62728,1171448798,tg-c401,DEV,+Platform PCI Component Error Info Section,computation,324
62729,1171448798,tg-c401,DEV,"Component Info: Vendor Id =x x, Device Id =x x, Class Code =x x, Seg Bus Dev Func =x x x x x",computation,324
62730,1171448799,tg-c401,DEV,+END HARDWARE ERROR STATE AT CPE,computation,324
62731,1171448799,tg-c401,DEV,+Platform PCI Component Error Info Section,computation,324
62732,1171448799,tg-c401,DEV,+Platform Specific Error Info Section,computation,324
62733,1171448799,tg-c401,DEV,"Component Info: Vendor Id =x x, Device Id =x x, Class Code =x x, Seg Bus Dev Func =x x x x x",computation,324
62734,1171448799,tg-c401,DEV,"Component Info: Vendor Id =x x, Device Id =x x, Class Code =x x, Seg Bus Dev Func =x x x x x",computation,324
62735,1171448799,tg-c401,DEV,"Component Info: Vendor Id =x x, Device Id =x x, Class Code =x x, Seg Bus Dev Func =x x x x x",computation,324
62736,1171448799,tg-c401,DEV,+ Platform Specific Error Detail:,computation,324
62737,1171448799,tg-c401,MEM,"Physical Address x, Address Mask: x, Node: x, Card: x, Module: x, Bank: x, Device: x, Row: x, Column: x,",computation,324
62738,1171448799,tg-c401,MEM,"Physical Address x, Address Mask: x, Node: x, Card: x, Module: x, Bank: x, Device: x, Row: x, Column: x,",computation,324
62739,1171448867,tg-c401,DEV,+BEGIN HARDWARE ERROR STATE AT CPE,computation,324
62740,1171448867,tg-c401,DEV,+Platform PCI Component Error Info Section,computation,324
62741,1171448867,tg-c401,DEV,"Component Info: Vendor Id =x x, Device Id =x x, Class Code =x x, Seg Bus Dev Func =x x x x x",computation,324
62742,1171448867,tg-c401,DEV,"Component Info: Vendor Id =x x, Device Id =x x, Class Code =x x, Seg Bus Dev Func =x x x x x",computation,324
62743,1171448868,tg-c401,DEV,+END HARDWARE ERROR STATE AT CPE,computation,324
62744,1171448868,tg-c401,DEV,+Platform Specific Error Info Section,computation,324
62745,1171448868,tg-c401,DEV,"Component Info: Vendor Id =x x, Device Id =x x, Class Code =x x, Seg Bus Dev Func =x x x x x",computation,324
62746,1171448868,tg-c401,DEV,"Component Info: Vendor Id =x x, Device Id =x x, Class Code =x x, Seg Bus Dev Func =x x x x x",computation,324
62747,1171448868,tg-c401,DEV,+ Platform Specific Error Detail:,computation,324
62748,1171448868,tg-c401,MEM,"Physical Address x, Address Mask: x, Node: x, Card: x, Module: x, Bank: x, Device: x, Row: x, Column: x,",computation,324
62749,1171448868,tg-c401,MEM,"Physical Address x, Address Mask: x, Node: x, Card: x, Module: x, Bank: x, Device: x, Row: x, Column: x,",computation,324
62750,1171448872,tg-c401,DEV,+BEGIN HARDWARE ERROR STATE AT CPE,computation,324
62751,1171448872,tg-c401,DEV,+END HARDWARE ERROR STATE AT CPE,computation,324
62752,1171448872,tg-c401,DEV,+Platform PCI Component Error Info Section,computation,324
62753,1171448872,tg-c401,DEV,+Platform Specific Error Info Section,computation,324
62754,1171448872,tg-c401,DEV,"Component Info: Vendor Id =x x, Device Id =x x, Class Code =x x, Seg Bus Dev Func =x x x x x",computation,324
62755,1171448872,tg-c401,DEV,"Component Info: Vendor Id =x x, Device Id =x x, Class Code =x x, Seg Bus Dev Func =x x x x x",computation,324
62756,1171448872,tg-c401,DEV,"Component Info: Vendor Id =x x, Device Id =x x, Class Code =x x, Seg Bus Dev Func =x x x x x",computation,324
62757,1171448872,tg-c401,DEV,+ Platform Specific Error Detail:,computation,324
62758,1171448872,tg-c401,MEM,"Physical Address x, Address Mask: x, Node: x, Card: x, Module: x, Bank: x, Device: x, Row: x, Column: x,",computation,324
62759,1171448872,tg-c401,MEM,"Physical Address x, Address Mask: x, Node: x, Card: x, Module: x, Bank: x, Device: x, Row: x, Column: x,",computation,324
62760,1171448878,tg-c401,DEV,+BEGIN HARDWARE ERROR STATE AT CPE,computation,324
62761,1171448878,tg-c401,DEV,+Platform PCI Component Error Info Section,computation,324
62762,1171448878,tg-c401,DEV,+Platform Specific Error Info Section,computation,324
62763,1171448878,tg-c401,DEV,"Component Info: Vendor Id =x x, Device Id =x x, Class Code =x x, Seg Bus Dev Func =x x x x x",computation,324
62764,1171448878,tg-c401,DEV,"Component Info: Vendor Id =x x, Device Id =x x, Class Code =x x, Seg Bus Dev Func =x x x x x",computation,324
62765,1171448878,tg-c401,DEV,"Component Info: Vendor Id =x x, Device Id =x x, Class Code =x x, Seg Bus Dev Func =x x x x x",computation,324
62766,1171448878,tg-c401,DEV,"Component Info: Vendor Id =x x, Device Id =x x, Class Code =x x, Seg Bus Dev Func =x x x x x",computation,324
62767,1171448878,tg-c401,DEV,+ Platform Specific Error Detail:,computation,324
62768,1171448878,tg-c401,MEM,"Physical Address x, Address Mask: x, Node: x, Card: x, Module: x, Bank: x, Device: x, Row: x, Column: x,",computation,324
62769,1171448878,tg-c401,MEM,"Physical Address x, Address Mask: x, Node: x, Card: x, Module: x, Bank: x, Device: x, Row: x, Column: x,",computation,324
62770,1171448921,tg-c401,DEV,+BEGIN HARDWARE ERROR STATE AT CPE,computation,324
62771,1171448921,tg-c401,DEV,+Platform PCI Component Error Info Section,computation,324
62772,1171448921,tg-c401,DEV,"Component Info: Vendor Id =x x, Device Id =x x, Class Code =x x, Seg Bus Dev Func =x x x x x",computation,324
62773,1171448921,tg-c401,DEV,"Component Info: Vendor Id =x x, Device Id =x x, Class Code =x x, Seg Bus Dev Func =x x x x x",computation,324
62774,1171448921,tg-c401,DEV,"Component Info: Vendor Id =x x, Device Id =x x, Class Code =x x, Seg Bus Dev Func =x x x x x",computation,324
62775,1171448921,tg-c401,DEV,"Component Info: Vendor Id =x x, Device Id =x x, Class Code =x x, Seg Bus Dev Func =x x x x x",computation,324
62776,1171448922,tg-c401,DEV,+Platform Specific Error Info Section,computation,324
62777,1171448922,tg-c401,DEV,+ Platform Specific Error Detail:,computation,324
62778,1171448922,tg-c401,MEM,"Physical Address x, Address Mask: x, Node: x, Card: x, Module: x, Bank: x, Device: x, Row: x, Column: x,",computation,324
62779,1171448922,tg-c401,MEM,"Physical Address x, Address Mask: x, Node: x, Card: x, Module: x, Bank: x, Device: x, Row: x, Column: x,",computation,324
62780,1171448926,tg-c401,DEV,+BEGIN HARDWARE ERROR STATE AT CPE,computation,324
62781,1171448926,tg-c401,DEV,+END HARDWARE ERROR STATE AT CPE,computation,324
62782,1171448926,tg-c401,DEV,+Platform PCI Component Error Info Section,computation,324
62783,1171448926,tg-c401,DEV,+Platform Specific Error Info Section,computation,324
62784,1171448926,tg-c401,DEV,"Component Info: Vendor Id =x x, Device Id =x x, Class Code =x x, Seg Bus Dev Func =x x x x x",computation,324
62785,1171448926,tg-c401,DEV,"Component Info: Vendor Id =x x, Device Id =x x, Class Code =x x, Seg Bus Dev Func =x x x x x",computation,324
62786,1171448926,tg-c401,DEV,"Component Info: Vendor Id =x x, Device Id =x x, Class Code =x x, Seg Bus Dev Func =x x x x x",computation,324
62787,1171448926,tg-c401,DEV,"Component Info: Vendor Id =x x, Device Id =x x, Class Code =x x, Seg Bus Dev Func =x x x x x",computation,324
62788,1171448926,tg-c401,DEV,+ Platform Specific Error Detail:,computation,324
62789,1171448926,tg-c401,MEM,"Physical Address x, Address Mask: x, Node: x, Card: x, Module: x, Bank: x, Device: x, Row: x, Column: x,",computation,324
62790,1171448926,tg-c401,MEM,"Physical Address x, Address Mask: x, Node: x, Card: x, Module: x, Bank: x, Device: x, Row: x, Column: x,",computation,324
62791,1171448951,tg-c401,DEV,+BEGIN HARDWARE ERROR STATE AT CPE,computation,324
62792,1171448951,tg-c401,DEV,+Platform PCI Component Error Info Section,computation,324
62793,1171448951,tg-c401,DEV,"Component Info: Vendor Id =x x, Device Id =x x, Class Code =x x, Seg Bus Dev Func =x x x x x",computation,324
62794,1171448951,tg-c401,DEV,"Component Info: Vendor Id =x x, Device Id =x x, Class Code =x x, Seg Bus Dev Func =x x x x x",computation,324
62795,1171448952,tg-c401,DEV,"Component Info: Vendor Id =x x, Device Id =x x, Class Code =x x, Seg Bus Dev Func =x x x x x",computation,324
62796,1171448952,tg-c401,DEV,"Component Info: Vendor Id =x x, Device Id =x x, Class Code =x x, Seg Bus Dev Func =x x x x x",computation,324
62797,1171448952,tg-c401,DEV,+ Platform Specific Error Detail:,computation,324
62798,1171448952,tg-c401,MEM,"Physical Address x, Address Mask: x, Node: x, Card: x, Module: x, Bank: x, Device: x, Row: x, Column: x,",computation,324
62799,1171448952,tg-c401,MEM,"Physical Address x, Address Mask: x, Node: x, Card: x, Module: x, Bank: x, Device: x, Row: x, Column: x,",computation,324
62800,1171448979,tg-c401,DEV,+BEGIN HARDWARE ERROR STATE AT CPE,computation,324
62801,1171448979,tg-c401,DEV,+Platform PCI Component Error Info Section,computation,324
62802,1171448979,tg-c401,DEV,+Platform Specific Error Info Section,computation,324
62803,1171448979,tg-c401,DEV,"Component Info: Vendor Id =x x, Device Id =x x, Class Code =x x, Seg Bus Dev Func =x x x x x",computation,324
62804,1171448979,tg-c401,DEV,"Component Info: Vendor Id =x x, Device Id =x x, Class Code =x x, Seg Bus Dev Func =x x x x x",computation,324
62805,1171448979,tg-c401,DEV,"Component Info: Vendor Id =x x, Device Id =x x, Class Code =x x, Seg Bus Dev Func =x x x x x",computation,324
62806,1171448979,tg-c401,DEV,+ Platform Specific Error Detail:,computation,324
62807,1171448979,tg-c401,MEM,"Physical Address x, Address Mask: x, Node: x, Card: x, Module: x, Bank: x, Device: x, Row: x, Column: x,",computation,324
62808,1171448979,tg-c401,MEM,"Physical Address x, Address Mask: x, Node: x, Card: x, Module: x, Bank: x, Device: x, Row: x, Column: x,",computation,324
62809,1171449009,tg-c401,DEV,+BEGIN HARDWARE ERROR STATE AT CPE,computation,324
62810,1171449009,tg-c401,DEV,+Platform PCI Component Error Info Section,computation,324
62811,1171449009,tg-c401,DEV,+Platform Specific Error Info Section,computation,324
62812,1171449009,tg-c401,DEV,"Component Info: Vendor Id =x x, Device Id =x x, Class Code =x x, Seg Bus Dev Func =x x x x x",computation,324
62813,1171449009,tg-c401,DEV,"Component Info: Vendor Id =x x, Device Id =x x, Class Code =x x, Seg Bus Dev Func =x x x x x",computation,324
62814,1171449009,tg-c401,DEV,"Component Info: Vendor Id =x x, Device Id =x x, Class Code =x x, Seg Bus Dev Func =x x x x x",computation,324
62815,1171449009,tg-c401,DEV,"Component Info: Vendor Id =x x, Device Id =x x, Class Code =x x, Seg Bus Dev Func =x x x x x",computation,324
62816,1171449009,tg-c401,DEV,+ Platform Specific Error Detail:,computation,324
62817,1171449009,tg-c401,MEM,"Physical Address x, Address Mask: x, Node: x, Card: x, Module: x, Bank: x, Device: x, Row: x, Column: x,",computation,324
62818,1171449009,tg-c401,MEM,"Physical Address x, Address Mask: x, Node: x, Card: x, Module: x, Bank: x, Device: x, Row: x, Column: x,",computation,324
62819,1171449016,tg-c401,DEV,+BEGIN HARDWARE ERROR STATE AT CPE,computation,324
62820,1171449016,tg-c401,DEV,+END HARDWARE ERROR STATE AT CPE,computation,324
62821,1171449016,tg-c401,DEV,+Platform PCI Component Error Info Section,computation,324
62822,1171449016,tg-c401,DEV,+Platform Specific Error Info Section,computation,324
62823,1171449016,tg-c401,DEV,"Component Info: Vendor Id =x x, Device Id =x x, Class Code =x x, Seg Bus Dev Func =x x x x x",computation,324
62824,1171449016,tg-c401,DEV,"Component Info: Vendor Id =x x, Device Id =x x, Class Code =x x, Seg Bus Dev Func =x x x x x",computation,324
62825,1171449016,tg-c401,DEV,"Component Info: Vendor Id =x x, Device Id =x x, Class Code =x x, Seg Bus Dev Func =x x x x x",computation,324
62826,1171449016,tg-c401,DEV,+ Platform Specific Error Detail:,computation,324
62827,1171449016,tg-c401,MEM,"Physical Address x, Address Mask: x, Node: x, Card: x, Module: x, Bank: x, Device: x, Row: x, Column: x,",computation,324
62828,1171449016,tg-c401,MEM,"Physical Address x, Address Mask: x, Node: x, Card: x, Module: x, Bank: x, Device: x, Row: x, Column: x,",computation,324
62829,1171449021,tg-c401,DEV,+BEGIN HARDWARE ERROR STATE AT CPE,computation,324
62830,1171449021,tg-c401,DEV,+Platform PCI Component Error Info Section,computation,324
62831,1171449021,tg-c401,DEV,"Component Info: Vendor Id =x x, Device Id =x x, Class Code =x x, Seg Bus Dev Func =x x x x x",computation,324
62832,1171449021,tg-c401,DEV,"Component Info: Vendor Id =x x, Device Id =x x, Class Code =x x, Seg Bus Dev Func =x x x x x",computation,324
62833,1171449021,tg-c401,DEV,"Component Info: Vendor Id =x x, Device Id =x x, Class Code =x x, Seg Bus Dev Func =x x x x x",computation,324
62834,1171449021,tg-c401,DEV,"Component Info: Vendor Id =x x, Device Id =x x, Class Code =x x, Seg Bus Dev Func =x x x x x",computation,324
62835,1171449021,tg-c401,DEV,+ Platform Specific Error Detail:,computation,324
62836,1171449021,tg-c401,MEM,"Physical Address x, Address Mask: x, Node: x, Card: x, Module: x, Bank: x, Device: x, Row: x, Column: x,",computation,324
62837,1171449021,tg-c401,MEM,"Physical Address x, Address Mask: x, Node: x, Card: x, Module: x, Bank: x, Device: x, Row: x, Column: x,",computation,324
62838,1171449031,tg-c401,DEV,+BEGIN HARDWARE ERROR STATE AT CPE,computation,324
62839,1171449031,tg-c401,DEV,+Platform PCI Component Error Info Section,computation,324
62840,1171449031,tg-c401,DEV,"Component Info: Vendor Id =x x, Device Id =x x, Class Code =x x, Seg Bus Dev Func =x x x x x",computation,324
62841,1171449031,tg-c401,DEV,"Component Info: Vendor Id =x x, Device Id =x x, Class Code =x x, Seg Bus Dev Func =x x x x x",computation,324
62842,1171449031,tg-c401,DEV,"Component Info: Vendor Id =x x, Device Id =x x, Class Code =x x, Seg Bus Dev Func =x x x x x",computation,324
62843,1171449031,tg-c401,DEV,"Component Info: Vendor Id =x x, Device Id =x x, Class Code =x x, Seg Bus Dev Func =x x x x x",computation,324
62844,1171449031,tg-c401,DEV,+ Platform Specific Error Detail:,computation,324
62845,1171449031,tg-c401,MEM,"Physical Address x, Address Mask: x, Node: x, Card: x, Module: x, Bank: x, Device: x, Row: x, Column: x,",computation,324
62846,1171449031,tg-c401,MEM,"Physical Address x, Address Mask: x, Node: x, Card: x, Module: x, Bank: x, Device: x, Row: x, Column: x,",computation,324
62847,1171449055,tg-c401,DEV,+BEGIN HARDWARE ERROR STATE AT CPE,computation,324
62848,1171449055,tg-c401,DEV,+Platform PCI Component Error Info Section,computation,324
62849,1171449055,tg-c401,DEV,"Component Info: Vendor Id =x x, Device Id =x x, Class Code =x x, Seg Bus Dev Func =x x x x x",computation,324
62850,1171449056,tg-c401,DEV,+Platform PCI Component Error Info Section,computation,324
62851,1171449056,tg-c401,DEV,+Platform Specific Error Info Section,computation,324
62852,1171449056,tg-c401,DEV,"Component Info: Vendor Id =x x, Device Id =x x, Class Code =x x, Seg Bus Dev Func =x x x x x",computation,324
62853,1171449056,tg-c401,DEV,"Component Info: Vendor Id =x x, Device Id =x x, Class Code =x x, Seg Bus Dev Func =x x x x x",computation,324
62854,1171449056,tg-c401,DEV,+ Platform Specific Error Detail:,computation,324
62855,1171449056,tg-c401,MEM,"Physical Address x, Address Mask: x, Node: x, Card: x, Module: x, Bank: x, Device: x, Row: x, Column: x,",computation,324
62856,1171449056,tg-c401,MEM,"Physical Address x, Address Mask: x, Node: x, Card: x, Module: x, Bank: x, Device: x, Row: x, Column: x,",computation,324
62857,1171449070,tg-c401,DEV,+BEGIN HARDWARE ERROR STATE AT CPE,computation,324
62858,1171449070,tg-c401,DEV,+END HARDWARE ERROR STATE AT CPE,computation,324
62859,1171449070,tg-c401,DEV,+Platform PCI Component Error Info Section,computation,324
62860,1171449070,tg-c401,DEV,+Platform Specific Error Info Section,computation,324
62861,1171449070,tg-c401,DEV,"Component Info: Vendor Id =x x, Device Id =x x, Class Code =x x, Seg Bus Dev Func =x x x x x",computation,324
62862,1171449070,tg-c401,DEV,"Component Info: Vendor Id =x x, Device Id =x x, Class Code =x x, Seg Bus Dev Func =x x x x x",computation,324
62863,1171449070,tg-c401,DEV,"Component Info: Vendor Id =x x, Device Id =x x, Class Code =x x, Seg Bus Dev Func =x x x x x",computation,324
62864,1171449070,tg-c401,DEV,"Component Info: Vendor Id =x x, Device Id =x x, Class Code =x x, Seg Bus Dev Func =x x x x x",computation,324
62865,1171449070,tg-c401,DEV,+ Platform Specific Error Detail:,computation,324
62866,1171449070,tg-c401,MEM,"Physical Address x, Address Mask: x, Node: x, Card: x, Module: x, Bank: x, Device: x, Row: x, Column: x,",computation,324
62867,1171449070,tg-c401,MEM,"Physical Address x, Address Mask: x, Node: x, Card: x, Module: x, Bank: x, Device: x, Row: x, Column: x,",computation,324
62868,1171449071,tg-c401,DEV,+BEGIN HARDWARE ERROR STATE AT CPE,computation,324
62869,1171449071,tg-c401,DEV,+END HARDWARE ERROR STATE AT CPE,computation,324
62870,1171449071,tg-c401,DEV,+Platform PCI Component Error Info Section,computation,324
62871,1171449071,tg-c401,DEV,+Platform Specific Error Info Section,computation,324
62872,1171449071,tg-c401,DEV,"Component Info: Vendor Id =x x, Device Id =x x, Class Code =x x, Seg Bus Dev Func =x x x x x",computation,324
62873,1171449071,tg-c401,DEV,"Component Info: Vendor Id =x x, Device Id =x x, Class Code =x x, Seg Bus Dev Func =x x x x x",computation,324
62874,1171449071,tg-c401,DEV,"Component Info: Vendor Id =x x, Device Id =x x, Class Code =x x, Seg Bus Dev Func =x x x x x",computation,324
62875,1171449071,tg-c401,DEV,"Component Info: Vendor Id =x x, Device Id =x x, Class Code =x x, Seg Bus Dev Func =x x x x x",computation,324
62876,1171449071,tg-c401,DEV,+ Platform Specific Error Detail:,computation,324
62877,1171449071,tg-c401,MEM,"Physical Address x, Address Mask: x, Node: x, Card: x, Module: x, Bank: x, Device: x, Row: x, Column: x,",computation,324
62878,1171449071,tg-c401,MEM,"Physical Address x, Address Mask: x, Node: x, Card: x, Module: x, Bank: x, Device: x, Row: x, Column: x,",computation,324
62879,1171449091,tg-c401,DEV,+BEGIN HARDWARE ERROR STATE AT CPE,computation,324
62880,1171449091,tg-c401,DEV,+Platform PCI Component Error Info Section,computation,324
62881,1171449091,tg-c401,DEV,"Component Info: Vendor Id =x x, Device Id =x x, Class Code =x x, Seg Bus Dev Func =x x x x x",computation,324
62882,1171449092,tg-c401,DEV,"Component Info: Vendor Id =x x, Device Id =x x, Class Code =x x, Seg Bus Dev Func =x x x x x",computation,324
62883,1171449092,tg-c401,DEV,"Component Info: Vendor Id =x x, Device Id =x x, Class Code =x x, Seg Bus Dev Func =x x x x x",computation,324
62884,1171449092,tg-c401,DEV,+ Platform Specific Error Detail:,computation,324
62885,1171449097,tg-c401,DEV,+BEGIN HARDWARE ERROR STATE AT CPE,computation,324
62886,1171449097,tg-c401,DEV,+END HARDWARE ERROR STATE AT CPE,computation,324
62887,1171449097,tg-c401,DEV,+Platform PCI Component Error Info Section,computation,324
62888,1171449097,tg-c401,DEV,+Platform Specific Error Info Section,computation,324
62889,1171449097,tg-c401,DEV,"Component Info: Vendor Id =x x, Device Id =x x, Class Code =x x, Seg Bus Dev Func =x x x x x",computation,324
62890,1171449097,tg-c401,DEV,"Component Info: Vendor Id =x x, Device Id =x x, Class Code =x x, Seg Bus Dev Func =x x x x x",computation,324
62891,1171449097,tg-c401,DEV,"Component Info: Vendor Id =x x, Device Id =x x, Class Code =x x, Seg Bus Dev Func =x x x x x",computation,324
62892,1171449097,tg-c401,DEV,"Component Info: Vendor Id =x x, Device Id =x x, Class Code =x x, Seg Bus Dev Func =x x x x x",computation,324
62893,1171449097,tg-c401,DEV,+ Platform Specific Error Detail:,computation,324
62894,1171449097,tg-c401,MEM,"Physical Address x, Address Mask: x, Node: x, Card: x, Module: x, Bank: x, Device: x, Row: x, Column: x,",computation,324
62895,1171449097,tg-c401,MEM,"Physical Address x, Address Mask: x, Node: x, Card: x, Module: x, Bank: x, Device: x, Row: x, Column: x,",computation,324
62896,1171449098,tg-c401,DEV,+BEGIN HARDWARE ERROR STATE AT CPE,computation,324
62897,1171449098,tg-c401,DEV,+END HARDWARE ERROR STATE AT CPE,computation,324
62898,1171449098,tg-c401,DEV,+Platform PCI Component Error Info Section,computation,324
62899,1171449098,tg-c401,DEV,+Platform Specific Error Info Section,computation,324
62900,1171449098,tg-c401,DEV,"Component Info: Vendor Id =x x, Device Id =x x, Class Code =x x, Seg Bus Dev Func =x x x x x",computation,324
62901,1171449098,tg-c401,DEV,"Component Info: Vendor Id =x x, Device Id =x x, Class Code =x x, Seg Bus Dev Func =x x x x x",computation,324
62902,1171449098,tg-c401,DEV,"Component Info: Vendor Id =x x, Device Id =x x, Class Code =x x, Seg Bus Dev Func =x x x x x",computation,324
62903,1171449098,tg-c401,DEV,+ Platform Specific Error Detail:,computation,324
62904,1171449098,tg-c401,MEM,"Physical Address x, Address Mask: x, Node: x, Card: x, Module: x, Bank: x, Device: x, Row: x, Column: x,",computation,324
62905,1171449098,tg-c401,MEM,"Physical Address x, Address Mask: x, Node: x, Card: x, Module: x, Bank: x, Device: x, Row: x, Column: x,",computation,324
62906,1171449147,tg-c401,DEV,+BEGIN HARDWARE ERROR STATE AT CPE,computation,324
62907,1171449147,tg-c401,DEV,+END HARDWARE ERROR STATE AT CPE,computation,324
62908,1171449147,tg-c401,DEV,+Platform PCI Component Error Info Section,computation,324
62909,1171449147,tg-c401,DEV,+Platform Specific Error Info Section,computation,324
62910,1171449147,tg-c401,DEV,"Component Info: Vendor Id =x x, Device Id =x x, Class Code =x x, Seg Bus Dev Func =x x x x x",computation,324
62911,1171449147,tg-c401,DEV,"Component Info: Vendor Id =x x, Device Id =x x, Class Code =x x, Seg Bus Dev Func =x x x x x",computation,324
62912,1171449147,tg-c401,DEV,"Component Info: Vendor Id =x x, Device Id =x x, Class Code =x x, Seg Bus Dev Func =x x x x x",computation,324
62913,1171449147,tg-c401,DEV,+ Platform Specific Error Detail:,computation,324
62914,1171449147,tg-c401,MEM,"Physical Address x, Address Mask: x, Node: x, Card: x, Module: x, Bank: x, Device: x, Row: x, Column: x,",computation,324
62915,1171449147,tg-c401,MEM,"Physical Address x, Address Mask: x, Node: x, Card: x, Module: x, Bank: x, Device: x, Row: x, Column: x,",computation,324
62916,1171449168,tg-c401,DEV,+BEGIN HARDWARE ERROR STATE AT CPE,computation,324
62917,1171449168,tg-c401,DEV,+END HARDWARE ERROR STATE AT CPE,computation,324
62918,1171449168,tg-c401,DEV,+Platform PCI Component Error Info Section,computation,324
62919,1171449168,tg-c401,DEV,+Platform Specific Error Info Section,computation,324
62920,1171449168,tg-c401,DEV,"Component Info: Vendor Id =x x, Device Id =x x, Class Code =x x, Seg Bus Dev Func =x x x x x",computation,324
62921,1171449168,tg-c401,DEV,"Component Info: Vendor Id =x x, Device Id =x x, Class Code =x x, Seg Bus Dev Func =x x x x x",computation,324
62922,1171449168,tg-c401,DEV,"Component Info: Vendor Id =x x, Device Id =x x, Class Code =x x, Seg Bus Dev Func =x x x x x",computation,324
62923,1171449168,tg-c401,DEV,"Component Info: Vendor Id =x x, Device Id =x x, Class Code =x x, Seg Bus Dev Func =x x x x x",computation,324
62924,1171449168,tg-c401,DEV,+ Platform Specific Error Detail:,computation,324
62925,1171449168,tg-c401,MEM,"Physical Address x, Address Mask: x, Node: x, Card: x, Module: x, Bank: x, Device: x, Row: x, Column: x,",computation,324
62926,1171449168,tg-c401,MEM,"Physical Address x, Address Mask: x, Node: x, Card: x, Module: x, Bank: x, Device: x, Row: x, Column: x,",computation,324
62927,1171449169,tg-c401,DEV,+BEGIN HARDWARE ERROR STATE AT CPE,computation,324
62928,1171449169,tg-c401,DEV,+Platform PCI Component Error Info Section,computation,324
62929,1171449169,tg-c401,DEV,"Component Info: Vendor Id =x x, Device Id =x x, Class Code =x x, Seg Bus Dev Func =x x x x x",computation,324
62930,1171449169,tg-c401,DEV,"Component Info: Vendor Id =x x, Device Id =x x, Class Code =x x, Seg Bus Dev Func =x x x x x",computation,324
62931,1171449169,tg-c401,DEV,"Component Info: Vendor Id =x x, Device Id =x x, Class Code =x x, Seg Bus Dev Func =x x x x x",computation,324
62932,1171449169,tg-c401,DEV,"Component Info: Vendor Id =x x, Device Id =x x, Class Code =x x, Seg Bus Dev Func =x x x x x",computation,324
62933,1171449169,tg-c401,DEV,+ Platform Specific Error Detail:,computation,324
62934,1171449173,tg-c401,DEV,+BEGIN HARDWARE ERROR STATE AT CPE,computation,324
62935,1171449173,tg-c401,DEV,+Platform PCI Component Error Info Section,computation,324
62936,1171449173,tg-c401,DEV,"Component Info: Vendor Id =x x, Device Id =x x, Class Code =x x, Seg Bus Dev Func =x x x x x",computation,324
62937,1171449174,tg-c401,DEV,+Platform PCI Component Error Info Section,computation,324
62938,1171449174,tg-c401,DEV,+Platform Specific Error Info Section,computation,324
62939,1171449174,tg-c401,DEV,"Component Info: Vendor Id =x x, Device Id =x x, Class Code =x x, Seg Bus Dev Func =x x x x x",computation,324
62940,1171449174,tg-c401,DEV,"Component Info: Vendor Id =x x, Device Id =x x, Class Code =x x, Seg Bus Dev Func =x x x x x",computation,324
62941,1171449174,tg-c401,DEV,"Component Info: Vendor Id =x x, Device Id =x x, Class Code =x x, Seg Bus Dev Func =x x x x x",computation,324
62942,1171449174,tg-c401,DEV,+ Platform Specific Error Detail:,computation,324
62943,1171449174,tg-c401,MEM,"Physical Address x, Address Mask: x, Node: x, Card: x, Module: x, Bank: x, Device: x, Row: x, Column: x,",computation,324
62944,1171449174,tg-c401,MEM,"Physical Address x, Address Mask: x, Node: x, Card: x, Module: x, Bank: x, Device: x, Row: x, Column: x,",computation,324
62945,1171449223,tg-c401,DEV,+BEGIN HARDWARE ERROR STATE AT CPE,computation,324
62946,1171449223,tg-c401,DEV,+END HARDWARE ERROR STATE AT CPE,computation,324
62947,1171449223,tg-c401,DEV,+Platform PCI Component Error Info Section,computation,324
62948,1171449223,tg-c401,DEV,+Platform Specific Error Info Section,computation,324
62949,1171449223,tg-c401,DEV,"Component Info: Vendor Id =x x, Device Id =x x, Class Code =x x, Seg Bus Dev Func =x x x x x",computation,324
62950,1171449223,tg-c401,DEV,"Component Info: Vendor Id =x x, Device Id =x x, Class Code =x x, Seg Bus Dev Func =x x x x x",computation,324
62951,1171449223,tg-c401,DEV,"Component Info: Vendor Id =x x, Device Id =x x, Class Code =x x, Seg Bus Dev Func =x x x x x",computation,324
62952,1171449223,tg-c401,DEV,"Component Info: Vendor Id =x x, Device Id =x x, Class Code =x x, Seg Bus Dev Func =x x x x x",computation,324
62953,1171449223,tg-c401,DEV,+ Platform Specific Error Detail:,computation,324
62954,1171449223,tg-c401,MEM,"Physical Address x, Address Mask: x, Node: x, Card: x, Module: x, Bank: x, Device: x, Row: x, Column: x,",computation,324
62955,1171449223,tg-c401,MEM,"Physical Address x, Address Mask: x, Node: x, Card: x, Module: x, Bank: x, Device: x, Row: x, Column: x,",computation,324
62956,1171449224,tg-c401,DEV,+BEGIN HARDWARE ERROR STATE AT CPE,computation,324
62957,1171449224,tg-c401,DEV,+Platform PCI Component Error Info Section,computation,324
62958,1171449224,tg-c401,DEV,"Component Info: Vendor Id =x x, Device Id =x x, Class Code =x x, Seg Bus Dev Func =x x x x x",computation,324
62959,1171449225,tg-c401,DEV,"Component Info: Vendor Id =x x, Device Id =x x, Class Code =x x, Seg Bus Dev Func =x x x x x",computation,324
62960,1171449225,tg-c401,DEV,"Component Info: Vendor Id =x x, Device Id =x x, Class Code =x x, Seg Bus Dev Func =x x x x x",computation,324
62961,1171449229,tg-c401,DEV,+BEGIN HARDWARE ERROR STATE AT CPE,computation,324
62962,1171449229,tg-c401,DEV,+END HARDWARE ERROR STATE AT CPE,computation,324
62963,1171449229,tg-c401,DEV,+Platform PCI Component Error Info Section,computation,324
62964,1171449229,tg-c401,DEV,+Platform Specific Error Info Section,computation,324
62965,1171449229,tg-c401,DEV,"Component Info: Vendor Id =x x, Device Id =x x, Class Code =x x, Seg Bus Dev Func =x x x x x",computation,324
62966,1171449229,tg-c401,DEV,"Component Info: Vendor Id =x x, Device Id =x x, Class Code =x x, Seg Bus Dev Func =x x x x x",computation,324
62967,1171449229,tg-c401,DEV,"Component Info: Vendor Id =x x, Device Id =x x, Class Code =x x, Seg Bus Dev Func =x x x x x",computation,324
62968,1171449229,tg-c401,DEV,"Component Info: Vendor Id =x x, Device Id =x x, Class Code =x x, Seg Bus Dev Func =x x x x x",computation,324
62969,1171449229,tg-c401,DEV,+ Platform Specific Error Detail:,computation,324
62970,1171449229,tg-c401,MEM,"Physical Address x, Address Mask: x, Node: x, Card: x, Module: x, Bank: x, Device: x, Row: x, Column: x,",computation,324
62971,1171449229,tg-c401,MEM,"Physical Address x, Address Mask: x, Node: x, Card: x, Module: x, Bank: x, Device: x, Row: x, Column: x,",computation,324
62972,1171449240,tg-c401,DEV,+BEGIN HARDWARE ERROR STATE AT CPE,computation,324
62973,1171449240,tg-c401,DEV,+END HARDWARE ERROR STATE AT CPE,computation,324
62974,1171449240,tg-c401,DEV,+Platform PCI Component Error Info Section,computation,324
62975,1171449240,tg-c401,DEV,+Platform Specific Error Info Section,computation,324
62976,1171449240,tg-c401,DEV,"Component Info: Vendor Id =x x, Device Id =x x, Class Code =x x, Seg Bus Dev Func =x x x x x",computation,324
62977,1171449240,tg-c401,DEV,"Component Info: Vendor Id =x x, Device Id =x x, Class Code =x x, Seg Bus Dev Func =x x x x x",computation,324
62978,1171449240,tg-c401,DEV,"Component Info: Vendor Id =x x, Device Id =x x, Class Code =x x, Seg Bus Dev Func =x x x x x",computation,324
62979,1171449240,tg-c401,DEV,"Component Info: Vendor Id =x x, Device Id =x x, Class Code =x x, Seg Bus Dev Func =x x x x x",computation,324
62980,1171449240,tg-c401,DEV,+ Platform Specific Error Detail:,computation,324
62981,1171449240,tg-c401,MEM,"Physical Address x, Address Mask: x, Node: x, Card: x, Module: x, Bank: x, Device: x, Row: x, Column: x,",computation,324
62982,1171449240,tg-c401,MEM,"Physical Address x, Address Mask: x, Node: x, Card: x, Module: x, Bank: x, Device: x, Row: x, Column: x,",computation,324
62983,1171449241,tg-c401,DEV,+BEGIN HARDWARE ERROR STATE AT CPE,computation,324
62984,1171449241,tg-c401,DEV,+END HARDWARE ERROR STATE AT CPE,computation,324
62985,1171449241,tg-c401,DEV,+Platform PCI Component Error Info Section,computation,324
62986,1171449241,tg-c401,DEV,+Platform Specific Error Info Section,computation,324
62987,1171449241,tg-c401,DEV,"Component Info: Vendor Id =x x, Device Id =x x, Class Code =x x, Seg Bus Dev Func =x x x x x",computation,324
62988,1171449241,tg-c401,DEV,"Component Info: Vendor Id =x x, Device Id =x x, Class Code =x x, Seg Bus Dev Func =x x x x x",computation,324
62989,1171449241,tg-c401,DEV,"Component Info: Vendor Id =x x, Device Id =x x, Class Code =x x, Seg Bus Dev Func =x x x x x",computation,324
62990,1171449241,tg-c401,DEV,+ Platform Specific Error Detail:,computation,324
62991,1171449241,tg-c401,MEM,"Physical Address x, Address Mask: x, Node: x, Card: x, Module: x, Bank: x, Device: x, Row: x, Column: x,",computation,324
62992,1171449241,tg-c401,MEM,"Physical Address x, Address Mask: x, Node: x, Card: x, Module: x, Bank: x, Device: x, Row: x, Column: x,",computation,324
62993,1171449247,tg-c401,DEV,+BEGIN HARDWARE ERROR STATE AT CPE,computation,324
62994,1171449247,tg-c401,DEV,+END HARDWARE ERROR STATE AT CPE,computation,324
62995,1171449247,tg-c401,DEV,+Platform PCI Component Error Info Section,computation,324
62996,1171449247,tg-c401,DEV,+Platform Specific Error Info Section,computation,324
62997,1171449247,tg-c401,DEV,"Component Info: Vendor Id =x x, Device Id =x x, Class Code =x x, Seg Bus Dev Func =x x x x x",computation,324
62998,1171449247,tg-c401,DEV,"Component Info: Vendor Id =x x, Device Id =x x, Class Code =x x, Seg Bus Dev Func =x x x x x",computation,324
62999,1171449247,tg-c401,DEV,"Component Info: Vendor Id =x x, Device Id =x x, Class Code =x x, Seg Bus Dev Func =x x x x x",computation,324
63000,1171449247,tg-c401,DEV,"Component Info: Vendor Id =x x, Device Id =x x, Class Code =x x, Seg Bus Dev Func =x x x x x",computation,324
63001,1171449247,tg-c401,DEV,+ Platform Specific Error Detail:,computation,324
63002,1171449247,tg-c401,MEM,"Physical Address x, Address Mask: x, Node: x, Card: x, Module: x, Bank: x, Device: x, Row: x, Column: x,",computation,324
63003,1171449247,tg-c401,MEM,"Physical Address x, Address Mask: x, Node: x, Card: x, Module: x, Bank: x, Device: x, Row: x, Column: x,",computation,324
63004,1171449251,tg-c401,DEV,+BEGIN HARDWARE ERROR STATE AT CPE,computation,324
63005,1171449251,tg-c401,DEV,+END HARDWARE ERROR STATE AT CPE,computation,324
63006,1171449251,tg-c401,DEV,+Platform PCI Component Error Info Section,computation,324
63007,1171449251,tg-c401,DEV,+Platform Specific Error Info Section,computation,324
63008,1171449251,tg-c401,DEV,"Component Info: Vendor Id =x x, Device Id =x x, Class Code =x x, Seg Bus Dev Func =x x x x x",computation,324
63009,1171449251,tg-c401,DEV,"Component Info: Vendor Id =x x, Device Id =x x, Class Code =x x, Seg Bus Dev Func =x x x x x",computation,324
63010,1171449251,tg-c401,DEV,"Component Info: Vendor Id =x x, Device Id =x x, Class Code =x x, Seg Bus Dev Func =x x x x x",computation,324
63011,1171449251,tg-c401,DEV,"Component Info: Vendor Id =x x, Device Id =x x, Class Code =x x, Seg Bus Dev Func =x x x x x",computation,324
63012,1171449251,tg-c401,DEV,+ Platform Specific Error Detail:,computation,324
63013,1171449251,tg-c401,MEM,"Physical Address x, Address Mask: x, Node: x, Card: x, Module: x, Bank: x, Device: x, Row: x, Column: x,",computation,324
63014,1171449251,tg-c401,MEM,"Physical Address x, Address Mask: x, Node: x, Card: x, Module: x, Bank: x, Device: x, Row: x, Column: x,",computation,324
63015,1171449359,tg-c401,DEV,+BEGIN HARDWARE ERROR STATE AT CPE,computation,324
63016,1171449359,tg-c401,DEV,+Platform PCI Component Error Info Section,computation,324
63017,1171449359,tg-c401,DEV,+Platform Specific Error Info Section,computation,324
63018,1171449359,tg-c401,DEV,"Component Info: Vendor Id =x x, Device Id =x x, Class Code =x x, Seg Bus Dev Func =x x x x x",computation,324
63019,1171449359,tg-c401,DEV,"Component Info: Vendor Id =x x, Device Id =x x, Class Code =x x, Seg Bus Dev Func =x x x x x",computation,324
63020,1171449359,tg-c401,DEV,"Component Info: Vendor Id =x x, Device Id =x x, Class Code =x x, Seg Bus Dev Func =x x x x x",computation,324
63021,1171449359,tg-c401,DEV,"Component Info: Vendor Id =x x, Device Id =x x, Class Code =x x, Seg Bus Dev Func =x x x x x",computation,324
63022,1171449359,tg-c401,DEV,+ Platform Specific Error Detail:,computation,324
63023,1171449359,tg-c401,MEM,"Physical Address x, Address Mask: x, Node: x, Card: x, Module: x, Bank: x, Device: x, Row: x, Column: x,",computation,324
63024,1171449359,tg-c401,MEM,"Physical Address x, Address Mask: x, Node: x, Card: x, Module: x, Bank: x, Device: x, Row: x, Column: x,",computation,324
63025,1171449378,tg-c401,DEV,+BEGIN HARDWARE ERROR STATE AT CPE,computation,324
63026,1171449379,tg-c401,DEV,+END HARDWARE ERROR STATE AT CPE,computation,324
63027,1171449379,tg-c401,DEV,+Platform PCI Component Error Info Section,computation,324
63028,1171449379,tg-c401,DEV,+Platform Specific Error Info Section,computation,324
63029,1171449379,tg-c401,DEV,"Component Info: Vendor Id =x x, Device Id =x x, Class Code =x x, Seg Bus Dev Func =x x x x x",computation,324
63030,1171449379,tg-c401,DEV,"Component Info: Vendor Id =x x, Device Id =x x, Class Code =x x, Seg Bus Dev Func =x x x x x",computation,324
63031,1171449379,tg-c401,DEV,"Component Info: Vendor Id =x x, Device Id =x x, Class Code =x x, Seg Bus Dev Func =x x x x x",computation,324
63032,1171449379,tg-c401,DEV,"Component Info: Vendor Id =x x, Device Id =x x, Class Code =x x, Seg Bus Dev Func =x x x x x",computation,324
63033,1171449379,tg-c401,DEV,+ Platform Specific Error Detail:,computation,324
63034,1171449379,tg-c401,MEM,"Physical Address x, Address Mask: x, Node: x, Card: x, Module: x, Bank: x, Device: x, Row: x, Column: x,",computation,324
63035,1171449379,tg-c401,MEM,"Physical Address x, Address Mask: x, Node: x, Card: x, Module: x, Bank: x, Device: x, Row: x, Column: x,",computation,324
63036,1171449384,tg-c401,DEV,+BEGIN HARDWARE ERROR STATE AT CPE,computation,324
63037,1171449384,tg-c401,DEV,+END HARDWARE ERROR STATE AT CPE,computation,324
63038,1171449384,tg-c401,DEV,+Platform PCI Component Error Info Section,computation,324
63039,1171449384,tg-c401,DEV,+Platform Specific Error Info Section,computation,324
63040,1171449384,tg-c401,DEV,"Component Info: Vendor Id =x x, Device Id =x x, Class Code =x x, Seg Bus Dev Func =x x x x x",computation,324
63041,1171449384,tg-c401,DEV,"Component Info: Vendor Id =x x, Device Id =x x, Class Code =x x, Seg Bus Dev Func =x x x x x",computation,324
63042,1171449384,tg-c401,DEV,"Component Info: Vendor Id =x x, Device Id =x x, Class Code =x x, Seg Bus Dev Func =x x x x x",computation,324
63043,1171449384,tg-c401,DEV,"Component Info: Vendor Id =x x, Device Id =x x, Class Code =x x, Seg Bus Dev Func =x x x x x",computation,324
63044,1171449384,tg-c401,DEV,+ Platform Specific Error Detail:,computation,324
63045,1171449384,tg-c401,MEM,"Physical Address x, Address Mask: x, Node: x, Card: x, Module: x, Bank: x, Device: x, Row: x, Column: x,",computation,324
63046,1171449384,tg-c401,MEM,"Physical Address x, Address Mask: x, Node: x, Card: x, Module: x, Bank: x, Device: x, Row: x, Column: x,",computation,324
63047,1171449391,tg-c401,DEV,+BEGIN HARDWARE ERROR STATE AT CPE,computation,324
63048,1171449391,tg-c401,DEV,+END HARDWARE ERROR STATE AT CPE,computation,324
63049,1171449391,tg-c401,DEV,+Platform PCI Component Error Info Section,computation,324
63050,1171449391,tg-c401,DEV,+Platform Specific Error Info Section,computation,324
63051,1171449391,tg-c401,DEV,"Component Info: Vendor Id =x x, Device Id =x x, Class Code =x x, Seg Bus Dev Func =x x x x x",computation,324
63052,1171449391,tg-c401,DEV,"Component Info: Vendor Id =x x, Device Id =x x, Class Code =x x, Seg Bus Dev Func =x x x x x",computation,324
63053,1171449391,tg-c401,DEV,"Component Info: Vendor Id =x x, Device Id =x x, Class Code =x x, Seg Bus Dev Func =x x x x x",computation,324
63054,1171449391,tg-c401,DEV,"Component Info: Vendor Id =x x, Device Id =x x, Class Code =x x, Seg Bus Dev Func =x x x x x",computation,324
63055,1171449391,tg-c401,DEV,+ Platform Specific Error Detail:,computation,324
63056,1171449391,tg-c401,MEM,"Physical Address x, Address Mask: x, Node: x, Card: x, Module: x, Bank: x, Device: x, Row: x, Column: x,",computation,324
63057,1171449391,tg-c401,MEM,"Physical Address x, Address Mask: x, Node: x, Card: x, Module: x, Bank: x, Device: x, Row: x, Column: x,",computation,324
63058,1171449426,tg-c401,DEV,+BEGIN HARDWARE ERROR STATE AT CPE,computation,324
63059,1171449426,tg-c401,DEV,+Platform PCI Component Error Info Section,computation,324
63060,1171449426,tg-c401,DEV,"Component Info: Vendor Id =x x, Device Id =x x, Class Code =x x, Seg Bus Dev Func =x x x x x",computation,324
63061,1171449427,tg-c401,DEV,+Platform PCI Component Error Info Section,computation,324
63062,1171449427,tg-c401,DEV,+Platform Specific Error Info Section,computation,324
63063,1171449427,tg-c401,DEV,"Component Info: Vendor Id =x x, Device Id =x x, Class Code =x x, Seg Bus Dev Func =x x x x x",computation,324
63064,1171449427,tg-c401,DEV,"Component Info: Vendor Id =x x, Device Id =x x, Class Code =x x, Seg Bus Dev Func =x x x x x",computation,324
63065,1171449427,tg-c401,DEV,"Component Info: Vendor Id =x x, Device Id =x x, Class Code =x x, Seg Bus Dev Func =x x x x x",computation,324
63066,1171449427,tg-c401,DEV,+ Platform Specific Error Detail:,computation,324
63067,1171449427,tg-c401,MEM,"Physical Address x, Address Mask: x, Node: x, Card: x, Module: x, Bank: x, Device: x, Row: x, Column: x,",computation,324
63068,1171449427,tg-c401,MEM,"Physical Address x, Address Mask: x, Node: x, Card: x, Module: x, Bank: x, Device: x, Row: x, Column: x,",computation,324
63069,1171449431,tg-c401,DEV,+BEGIN HARDWARE ERROR STATE AT CPE,computation,324
63070,1171449431,tg-c401,DEV,+END HARDWARE ERROR STATE AT CPE,computation,324
63071,1171449431,tg-c401,DEV,+Platform PCI Component Error Info Section,computation,324
63072,1171449431,tg-c401,DEV,+Platform Specific Error Info Section,computation,324
63073,1171449431,tg-c401,DEV,"Component Info: Vendor Id =x x, Device Id =x x, Class Code =x x, Seg Bus Dev Func =x x x x x",computation,324
63074,1171449431,tg-c401,DEV,"Component Info: Vendor Id =x x, Device Id =x x, Class Code =x x, Seg Bus Dev Func =x x x x x",computation,324
63075,1171449431,tg-c401,DEV,"Component Info: Vendor Id =x x, Device Id =x x, Class Code =x x, Seg Bus Dev Func =x x x x x",computation,324
63076,1171449431,tg-c401,DEV,+ Platform Specific Error Detail:,computation,324
63077,1171449431,tg-c401,MEM,"Physical Address x, Address Mask: x, Node: x, Card: x, Module: x, Bank: x, Device: x, Row: x, Column: x,",computation,324
63078,1171449431,tg-c401,MEM,"Physical Address x, Address Mask: x, Node: x, Card: x, Module: x, Bank: x, Device: x, Row: x, Column: x,",computation,324
63079,1171449437,tg-c401,DEV,+BEGIN HARDWARE ERROR STATE AT CPE,computation,324
63080,1171449437,tg-c401,DEV,+END HARDWARE ERROR STATE AT CPE,computation,324
63081,1171449437,tg-c401,DEV,+Platform PCI Component Error Info Section,computation,324
63082,1171449437,tg-c401,DEV,+Platform Specific Error Info Section,computation,324
63083,1171449437,tg-c401,DEV,"Component Info: Vendor Id =x x, Device Id =x x, Class Code =x x, Seg Bus Dev Func =x x x x x",computation,324
63084,1171449437,tg-c401,DEV,"Component Info: Vendor Id =x x, Device Id =x x, Class Code =x x, Seg Bus Dev Func =x x x x x",computation,324
63085,1171449437,tg-c401,DEV,"Component Info: Vendor Id =x x, Device Id =x x, Class Code =x x, Seg Bus Dev Func =x x x x x",computation,324
63086,1171449437,tg-c401,DEV,"Component Info: Vendor Id =x x, Device Id =x x, Class Code =x x, Seg Bus Dev Func =x x x x x",computation,324
63087,1171449437,tg-c401,DEV,+ Platform Specific Error Detail:,computation,324
63088,1171449437,tg-c401,MEM,"Physical Address x, Address Mask: x, Node: x, Card: x, Module: x, Bank: x, Device: x, Row: x, Column: x,",computation,324
63089,1171449437,tg-c401,MEM,"Physical Address x, Address Mask: x, Node: x, Card: x, Module: x, Bank: x, Device: x, Row: x, Column: x,",computation,324
63090,1171449442,tg-c401,DEV,+BEGIN HARDWARE ERROR STATE AT CPE,computation,324
63091,1171449442,tg-c401,DEV,+Platform PCI Component Error Info Section,computation,324
63092,1171449442,tg-c401,DEV,"Component Info: Vendor Id =x x, Device Id =x x, Class Code =x x, Seg Bus Dev Func =x x x x x",computation,324
63093,1171449442,tg-c401,DEV,"Component Info: Vendor Id =x x, Device Id =x x, Class Code =x x, Seg Bus Dev Func =x x x x x",computation,324
63094,1171449442,tg-c401,DEV,"Component Info: Vendor Id =x x, Device Id =x x, Class Code =x x, Seg Bus Dev Func =x x x x x",computation,324
63095,1171449442,tg-c401,DEV,"Component Info: Vendor Id =x x, Device Id =x x, Class Code =x x, Seg Bus Dev Func =x x x x x",computation,324
63096,1171449442,tg-c401,MEM,"Physical Address x, Address Mask: x, Node: x, Card: x, Module: x, Bank: x, Device: x, Row: x, Column: x,",computation,324
63097,1171449442,tg-c401,MEM,"Physical Address x, Address Mask: x, Node: x, Card: x, Module: x, Bank: x, Device: x, Row: x, Column: x,",computation,324
63098,1171449443,tg-c401,DEV,+BEGIN HARDWARE ERROR STATE AT CPE,computation,324
63099,1171449443,tg-c401,DEV,+END HARDWARE ERROR STATE AT CPE,computation,324
63100,1171449443,tg-c401,DEV,+Platform PCI Component Error Info Section,computation,324
63101,1171449443,tg-c401,DEV,+Platform Specific Error Info Section,computation,324
63102,1171449443,tg-c401,DEV,"Component Info: Vendor Id =x x, Device Id =x x, Class Code =x x, Seg Bus Dev Func =x x x x x",computation,324
63103,1171449443,tg-c401,DEV,"Component Info: Vendor Id =x x, Device Id =x x, Class Code =x x, Seg Bus Dev Func =x x x x x",computation,324
63104,1171449443,tg-c401,DEV,"Component Info: Vendor Id =x x, Device Id =x x, Class Code =x x, Seg Bus Dev Func =x x x x x",computation,324
63105,1171449443,tg-c401,DEV,"Component Info: Vendor Id =x x, Device Id =x x, Class Code =x x, Seg Bus Dev Func =x x x x x",computation,324
63106,1171449443,tg-c401,DEV,+ Platform Specific Error Detail:,computation,324
63107,1171449443,tg-c401,MEM,"Physical Address x, Address Mask: x, Node: x, Card: x, Module: x, Bank: x, Device: x, Row: x, Column: x,",computation,324
63108,1171449443,tg-c401,MEM,"Physical Address x, Address Mask: x, Node: x, Card: x, Module: x, Bank: x, Device: x, Row: x, Column: x,",computation,324
63109,1171449447,tg-c401,DEV,+BEGIN HARDWARE ERROR STATE AT CPE,computation,324
63110,1171449447,tg-c401,DEV,+END HARDWARE ERROR STATE AT CPE,computation,324
63111,1171449447,tg-c401,DEV,+Platform PCI Component Error Info Section,computation,324
63112,1171449447,tg-c401,DEV,+Platform Specific Error Info Section,computation,324
63113,1171449447,tg-c401,DEV,"Component Info: Vendor Id =x x, Device Id =x x, Class Code =x x, Seg Bus Dev Func =x x x x x",computation,324
63114,1171449447,tg-c401,DEV,"Component Info: Vendor Id =x x, Device Id =x x, Class Code =x x, Seg Bus Dev Func =x x x x x",computation,324
63115,1171449447,tg-c401,DEV,"Component Info: Vendor Id =x x, Device Id =x x, Class Code =x x, Seg Bus Dev Func =x x x x x",computation,324
63116,1171449447,tg-c401,DEV,"Component Info: Vendor Id =x x, Device Id =x x, Class Code =x x, Seg Bus Dev Func =x x x x x",computation,324
63117,1171449447,tg-c401,DEV,+ Platform Specific Error Detail:,computation,324
63118,1171449447,tg-c401,MEM,"Physical Address x, Address Mask: x, Node: x, Card: x, Module: x, Bank: x, Device: x, Row: x, Column: x,",computation,324
63119,1171449447,tg-c401,MEM,"Physical Address x, Address Mask: x, Node: x, Card: x, Module: x, Bank: x, Device: x, Row: x, Column: x,",computation,324
63120,1171449461,tg-c401,DEV,+BEGIN HARDWARE ERROR STATE AT CPE,computation,324
63121,1171449461,tg-c401,DEV,+END HARDWARE ERROR STATE AT CPE,computation,324
63122,1171449461,tg-c401,DEV,+Platform PCI Component Error Info Section,computation,324
63123,1171449461,tg-c401,DEV,+Platform Specific Error Info Section,computation,324
63124,1171449461,tg-c401,DEV,"Component Info: Vendor Id =x x, Device Id =x x, Class Code =x x, Seg Bus Dev Func =x x x x x",computation,324
63125,1171449461,tg-c401,DEV,"Component Info: Vendor Id =x x, Device Id =x x, Class Code =x x, Seg Bus Dev Func =x x x x x",computation,324
63126,1171449461,tg-c401,DEV,"Component Info: Vendor Id =x x, Device Id =x x, Class Code =x x, Seg Bus Dev Func =x x x x x",computation,324
63127,1171449461,tg-c401,DEV,"Component Info: Vendor Id =x x, Device Id =x x, Class Code =x x, Seg Bus Dev Func =x x x x x",computation,324
63128,1171449461,tg-c401,DEV,+ Platform Specific Error Detail:,computation,324
63129,1171449461,tg-c401,MEM,"Physical Address x, Address Mask: x, Node: x, Card: x, Module: x, Bank: x, Device: x, Row: x, Column: x,",computation,324
63130,1171449461,tg-c401,MEM,"Physical Address x, Address Mask: x, Node: x, Card: x, Module: x, Bank: x, Device: x, Row: x, Column: x,",computation,324
63131,1171449467,tg-c401,DEV,+BEGIN HARDWARE ERROR STATE AT CPE,computation,324
63132,1171449467,tg-c401,DEV,+Platform PCI Component Error Info Section,computation,324
63133,1171449467,tg-c401,DEV,+Platform Specific Error Info Section,computation,324
63134,1171449467,tg-c401,DEV,"Component Info: Vendor Id =x x, Device Id =x x, Class Code =x x, Seg Bus Dev Func =x x x x x",computation,324
63135,1171449467,tg-c401,DEV,"Component Info: Vendor Id =x x, Device Id =x x, Class Code =x x, Seg Bus Dev Func =x x x x x",computation,324
63136,1171449467,tg-c401,DEV,"Component Info: Vendor Id =x x, Device Id =x x, Class Code =x x, Seg Bus Dev Func =x x x x x",computation,324
63137,1171449467,tg-c401,DEV,"Component Info: Vendor Id =x x, Device Id =x x, Class Code =x x, Seg Bus Dev Func =x x x x x",computation,324
63138,1171449467,tg-c401,DEV,+ Platform Specific Error Detail:,computation,324
63139,1171449467,tg-c401,MEM,"Physical Address x, Address Mask: x, Node: x, Card: x, Module: x, Bank: x, Device: x, Row: x, Column: x,",computation,324
63140,1171449467,tg-c401,MEM,"Physical Address x, Address Mask: x, Node: x, Card: x, Module: x, Bank: x, Device: x, Row: x, Column: x,",computation,324
63141,1171449483,tg-c401,DEV,+BEGIN HARDWARE ERROR STATE AT CPE,computation,324
63142,1171449483,tg-c401,DEV,+END HARDWARE ERROR STATE AT CPE,computation,324
63143,1171449483,tg-c401,DEV,+Platform PCI Component Error Info Section,computation,324
63144,1171449483,tg-c401,DEV,+Platform Specific Error Info Section,computation,324
63145,1171449483,tg-c401,DEV,"Component Info: Vendor Id =x x, Device Id =x x, Class Code =x x, Seg Bus Dev Func =x x x x x",computation,324
63146,1171449483,tg-c401,DEV,"Component Info: Vendor Id =x x, Device Id =x x, Class Code =x x, Seg Bus Dev Func =x x x x x",computation,324
63147,1171449483,tg-c401,DEV,"Component Info: Vendor Id =x x, Device Id =x x, Class Code =x x, Seg Bus Dev Func =x x x x x",computation,324
63148,1171449483,tg-c401,DEV,"Component Info: Vendor Id =x x, Device Id =x x, Class Code =x x, Seg Bus Dev Func =x x x x x",computation,324
63149,1171449483,tg-c401,DEV,+ Platform Specific Error Detail:,computation,324
63150,1171449483,tg-c401,MEM,"Physical Address x, Address Mask: x, Node: x, Card: x, Module: x, Bank: x, Device: x, Row: x, Column: x,",computation,324
63151,1171449483,tg-c401,MEM,"Physical Address x, Address Mask: x, Node: x, Card: x, Module: x, Bank: x, Device: x, Row: x, Column: x,",computation,324
63152,1171449494,tg-c401,DEV,+BEGIN HARDWARE ERROR STATE AT CPE,computation,324
63153,1171449494,tg-c401,DEV,+Platform PCI Component Error Info Section,computation,324
63154,1171449494,tg-c401,DEV,"Component Info: Vendor Id =x x, Device Id =x x, Class Code =x x, Seg Bus Dev Func =x x x x x",computation,324
63155,1171449494,tg-c401,DEV,"Component Info: Vendor Id =x x, Device Id =x x, Class Code =x x, Seg Bus Dev Func =x x x x x",computation,324
63156,1171449494,tg-c401,DEV,"Component Info: Vendor Id =x x, Device Id =x x, Class Code =x x, Seg Bus Dev Func =x x x x x",computation,324
63157,1171449494,tg-c401,DEV,"Component Info: Vendor Id =x x, Device Id =x x, Class Code =x x, Seg Bus Dev Func =x x x x x",computation,324
63158,1171449494,tg-c401,DEV,"Component Info: Vendor Id =x x, Device Id =x x, Class Code =x x, Seg Bus Dev Func =x x x x x",computation,324
63159,1171449494,tg-c401,DEV,+ Platform Specific Error Detail:,computation,324
63160,1171449494,tg-c401,MEM,"Physical Address x, Address Mask: x, Node: x, Card: x, Module: x, Bank: x, Device: x, Row: x, Column: x,",computation,324
63161,1171449494,tg-c401,MEM,"Physical Address x, Address Mask: x, Node: x, Card: x, Module: x, Bank: x, Device: x, Row: x, Column: x,",computation,324
63162,1171449495,tg-c401,DEV,+END HARDWARE ERROR STATE AT CPE,computation,324
63163,1171449495,tg-c401,DEV,+Platform PCI Component Error Info Section,computation,324
63164,1171449495,tg-c401,DEV,+Platform Specific Error Info Section,computation,324
63165,1171449495,tg-c401,DEV,"Component Info: Vendor Id =x x, Device Id =x x, Class Code =x x, Seg Bus Dev Func =x x x x x",computation,324
63166,1171449495,tg-c401,DEV,"Component Info: Vendor Id =x x, Device Id =x x, Class Code =x x, Seg Bus Dev Func =x x x x x",computation,324
63167,1171449495,tg-c401,DEV,"Component Info: Vendor Id =x x, Device Id =x x, Class Code =x x, Seg Bus Dev Func =x x x x x",computation,324
63168,1171449495,tg-c401,DEV,+ Platform Specific Error Detail:,computation,324
63169,1171449495,tg-c401,MEM,"Physical Address x, Address Mask: x, Node: x, Card: x, Module: x, Bank: x, Device: x, Row: x, Column: x,",computation,324
63170,1171449495,tg-c401,MEM,"Physical Address x, Address Mask: x, Node: x, Card: x, Module: x, Bank: x, Device: x, Row: x, Column: x,",computation,324
63171,1171449505,tg-c401,DEV,+BEGIN HARDWARE ERROR STATE AT CPE,computation,324
63172,1171449505,tg-c401,DEV,+END HARDWARE ERROR STATE AT CPE,computation,324
63173,1171449505,tg-c401,DEV,+Platform PCI Component Error Info Section,computation,324
63174,1171449505,tg-c401,DEV,+Platform Specific Error Info Section,computation,324
63175,1171449505,tg-c401,DEV,"Component Info: Vendor Id =x x, Device Id =x x, Class Code =x x, Seg Bus Dev Func =x x x x x",computation,324
63176,1171449505,tg-c401,DEV,"Component Info: Vendor Id =x x, Device Id =x x, Class Code =x x, Seg Bus Dev Func =x x x x x",computation,324
63177,1171449505,tg-c401,DEV,"Component Info: Vendor Id =x x, Device Id =x x, Class Code =x x, Seg Bus Dev Func =x x x x x",computation,324
63178,1171449505,tg-c401,DEV,+ Platform Specific Error Detail:,computation,324
63179,1171449505,tg-c401,MEM,"Physical Address x, Address Mask: x, Node: x, Card: x, Module: x, Bank: x, Device: x, Row: x, Column: x,",computation,324
63180,1171449505,tg-c401,MEM,"Physical Address x, Address Mask: x, Node: x, Card: x, Module: x, Bank: x, Device: x, Row: x, Column: x,",computation,324
63181,1171449578,tg-c401,DEV,+BEGIN HARDWARE ERROR STATE AT CPE,computation,324
63182,1171449578,tg-c401,DEV,+END HARDWARE ERROR STATE AT CPE,computation,324
63183,1171449578,tg-c401,DEV,+Platform PCI Component Error Info Section,computation,324
63184,1171449578,tg-c401,DEV,+Platform Specific Error Info Section,computation,324
63185,1171449578,tg-c401,DEV,"Component Info: Vendor Id =x x, Device Id =x x, Class Code =x x, Seg Bus Dev Func =x x x x x",computation,324
63186,1171449578,tg-c401,DEV,"Component Info: Vendor Id =x x, Device Id =x x, Class Code =x x, Seg Bus Dev Func =x x x x x",computation,324
63187,1171449578,tg-c401,DEV,"Component Info: Vendor Id =x x, Device Id =x x, Class Code =x x, Seg Bus Dev Func =x x x x x",computation,324
63188,1171449578,tg-c401,DEV,"Component Info: Vendor Id =x x, Device Id =x x, Class Code =x x, Seg Bus Dev Func =x x x x x",computation,324
63189,1171449578,tg-c401,DEV,+ Platform Specific Error Detail:,computation,324
63190,1171449578,tg-c401,MEM,"Physical Address x, Address Mask: x, Node: x, Card: x, Module: x, Bank: x, Device: x, Row: x, Column: x,",computation,324
63191,1171449578,tg-c401,MEM,"Physical Address x, Address Mask: x, Node: x, Card: x, Module: x, Bank: x, Device: x, Row: x, Column: x,",computation,324
63192,1171449589,tg-c401,DEV,+BEGIN HARDWARE ERROR STATE AT CPE,computation,324
63193,1171449589,tg-c401,DEV,+Platform PCI Component Error Info Section,computation,324
63194,1171449589,tg-c401,DEV,"Component Info: Vendor Id =x x, Device Id =x x, Class Code =x x, Seg Bus Dev Func =x x x x x",computation,324
63195,1171449589,tg-c401,DEV,"Component Info: Vendor Id =x x, Device Id =x x, Class Code =x x, Seg Bus Dev Func =x x x x x",computation,324
63196,1171449589,tg-c401,DEV,"Component Info: Vendor Id =x x, Device Id =x x, Class Code =x x, Seg Bus Dev Func =x x x x x",computation,324
63197,1171449590,tg-c401,DEV,+END HARDWARE ERROR STATE AT CPE,computation,324
63198,1171449590,tg-c401,DEV,+Platform Specific Error Info Section,computation,324
63199,1171449590,tg-c401,DEV,"Component Info: Vendor Id =x x, Device Id =x x, Class Code =x x, Seg Bus Dev Func =x x x x x",computation,324
63200,1171449590,tg-c401,DEV,+ Platform Specific Error Detail:,computation,324
63201,1171449590,tg-c401,MEM,"Physical Address x, Address Mask: x, Node: x, Card: x, Module: x, Bank: x, Device: x, Row: x, Column: x,",computation,324
63202,1171449590,tg-c401,MEM,"Physical Address x, Address Mask: x, Node: x, Card: x, Module: x, Bank: x, Device: x, Row: x, Column: x,",computation,324
63203,1171449594,tg-c401,DEV,+BEGIN HARDWARE ERROR STATE AT CPE,computation,324
63204,1171449594,tg-c401,DEV,+END HARDWARE ERROR STATE AT CPE,computation,324
63205,1171449594,tg-c401,DEV,+Platform PCI Component Error Info Section,computation,324
63206,1171449594,tg-c401,DEV,+Platform Specific Error Info Section,computation,324
63207,1171449594,tg-c401,DEV,"Component Info: Vendor Id =x x, Device Id =x x, Class Code =x x, Seg Bus Dev Func =x x x x x",computation,324
63208,1171449594,tg-c401,DEV,"Component Info: Vendor Id =x x, Device Id =x x, Class Code =x x, Seg Bus Dev Func =x x x x x",computation,324
63209,1171449594,tg-c401,DEV,"Component Info: Vendor Id =x x, Device Id =x x, Class Code =x x, Seg Bus Dev Func =x x x x x",computation,324
63210,1171449594,tg-c401,DEV,"Component Info: Vendor Id =x x, Device Id =x x, Class Code =x x, Seg Bus Dev Func =x x x x x",computation,324
63211,1171449594,tg-c401,DEV,+ Platform Specific Error Detail:,computation,324
63212,1171449594,tg-c401,MEM,"Physical Address x, Address Mask: x, Node: x, Card: x, Module: x, Bank: x, Device: x, Row: x, Column: x,",computation,324
63213,1171449594,tg-c401,MEM,"Physical Address x, Address Mask: x, Node: x, Card: x, Module: x, Bank: x, Device: x, Row: x, Column: x,",computation,324
63214,1171449597,tg-c401,DEV,+BEGIN HARDWARE ERROR STATE AT CPE,computation,324
63215,1171449597,tg-c401,DEV,+END HARDWARE ERROR STATE AT CPE,computation,324
63216,1171449597,tg-c401,DEV,+Platform PCI Component Error Info Section,computation,324
63217,1171449597,tg-c401,DEV,+Platform Specific Error Info Section,computation,324
63218,1171449597,tg-c401,DEV,"Component Info: Vendor Id =x x, Device Id =x x, Class Code =x x, Seg Bus Dev Func =x x x x x",computation,324
63219,1171449597,tg-c401,DEV,"Component Info: Vendor Id =x x, Device Id =x x, Class Code =x x, Seg Bus Dev Func =x x x x x",computation,324
63220,1171449597,tg-c401,DEV,"Component Info: Vendor Id =x x, Device Id =x x, Class Code =x x, Seg Bus Dev Func =x x x x x",computation,324
63221,1171449597,tg-c401,DEV,+ Platform Specific Error Detail:,computation,324
63222,1171449597,tg-c401,MEM,"Physical Address x, Address Mask: x, Node: x, Card: x, Module: x, Bank: x, Device: x, Row: x, Column: x,",computation,324
63223,1171449597,tg-c401,MEM,"Physical Address x, Address Mask: x, Node: x, Card: x, Module: x, Bank: x, Device: x, Row: x, Column: x,",computation,324
63224,1171449600,tg-c401,DEV,+BEGIN HARDWARE ERROR STATE AT CPE,computation,324
63225,1171449600,tg-c401,DEV,+Platform PCI Component Error Info Section,computation,324
63226,1171449600,tg-c401,DEV,"Component Info: Vendor Id =x x, Device Id =x x, Class Code =x x, Seg Bus Dev Func =x x x x x",computation,324
63227,1171449600,tg-c401,DEV,"Component Info: Vendor Id =x x, Device Id =x x, Class Code =x x, Seg Bus Dev Func =x x x x x",computation,324
63228,1171449601,tg-c401,DEV,+Platform Specific Error Info Section,computation,324
63229,1171449601,tg-c401,DEV,"Component Info: Vendor Id =x x, Device Id =x x, Class Code =x x, Seg Bus Dev Func =x x x x x",computation,324
63230,1171449601,tg-c401,DEV,"Component Info: Vendor Id =x x, Device Id =x x, Class Code =x x, Seg Bus Dev Func =x x x x x",computation,324
63231,1171449601,tg-c401,DEV,+ Platform Specific Error Detail:,computation,324
63232,1171449601,tg-c401,MEM,"Physical Address x, Address Mask: x, Node: x, Card: x, Module: x, Bank: x, Device: x, Row: x, Column: x,",computation,324
63233,1171449601,tg-c401,MEM,"Physical Address x, Address Mask: x, Node: x, Card: x, Module: x, Bank: x, Device: x, Row: x, Column: x,",computation,324
63234,1171449603,tg-c401,DEV,+BEGIN HARDWARE ERROR STATE AT CPE,computation,324
63235,1171449603,tg-c401,DEV,+Platform PCI Component Error Info Section,computation,324
63236,1171449603,tg-c401,DEV,"Component Info: Vendor Id =x x, Device Id =x x, Class Code =x x, Seg Bus Dev Func =x x x x x",computation,324
63237,1171449604,tg-c401,DEV,+END HARDWARE ERROR STATE AT CPE,computation,324
63238,1171449604,tg-c401,DEV,+Platform PCI Component Error Info Section,computation,324
63239,1171449604,tg-c401,DEV,+Platform Specific Error Info Section,computation,324
63240,1171449604,tg-c401,DEV,"Component Info: Vendor Id =x x, Device Id =x x, Class Code =x x, Seg Bus Dev Func =x x x x x",computation,324
63241,1171449604,tg-c401,DEV,"Component Info: Vendor Id =x x, Device Id =x x, Class Code =x x, Seg Bus Dev Func =x x x x x",computation,324
63242,1171449604,tg-c401,DEV,+ Platform Specific Error Detail:,computation,324
63243,1171449604,tg-c401,MEM,"Physical Address x, Address Mask: x, Node: x, Card: x, Module: x, Bank: x, Device: x, Row: x, Column: x,",computation,324
63244,1171449604,tg-c401,MEM,"Physical Address x, Address Mask: x, Node: x, Card: x, Module: x, Bank: x, Device: x, Row: x, Column: x,",computation,324
63245,1171449608,tg-c401,DEV,+BEGIN HARDWARE ERROR STATE AT CPE,computation,324
63246,1171449608,tg-c401,DEV,+END HARDWARE ERROR STATE AT CPE,computation,324
63247,1171449608,tg-c401,DEV,+Platform PCI Component Error Info Section,computation,324
63248,1171449608,tg-c401,DEV,+Platform Specific Error Info Section,computation,324
63249,1171449608,tg-c401,DEV,"Component Info: Vendor Id =x x, Device Id =x x, Class Code =x x, Seg Bus Dev Func =x x x x x",computation,324
63250,1171449608,tg-c401,DEV,"Component Info: Vendor Id =x x, Device Id =x x, Class Code =x x, Seg Bus Dev Func =x x x x x",computation,324
63251,1171449608,tg-c401,DEV,"Component Info: Vendor Id =x x, Device Id =x x, Class Code =x x, Seg Bus Dev Func =x x x x x",computation,324
63252,1171449608,tg-c401,DEV,"Component Info: Vendor Id =x x, Device Id =x x, Class Code =x x, Seg Bus Dev Func =x x x x x",computation,324
63253,1171449608,tg-c401,DEV,+ Platform Specific Error Detail:,computation,324
63254,1171449608,tg-c401,MEM,"Physical Address x, Address Mask: x, Node: x, Card: x, Module: x, Bank: x, Device: x, Row: x, Column: x,",computation,324
63255,1171449608,tg-c401,MEM,"Physical Address x, Address Mask: x, Node: x, Card: x, Module: x, Bank: x, Device: x, Row: x, Column: x,",computation,324
63256,1171449654,tg-c401,DEV,+BEGIN HARDWARE ERROR STATE AT CPE,computation,324
63257,1171449654,tg-c401,DEV,+Platform PCI Component Error Info Section,computation,324
63258,1171449654,tg-c401,DEV,"Component Info: Vendor Id =x x, Device Id =x x, Class Code =x x, Seg Bus Dev Func =x x x x x",computation,324
63259,1171449655,tg-c401,DEV,+END HARDWARE ERROR STATE AT CPE,computation,324
63260,1171449655,tg-c401,DEV,+Platform Specific Error Info Section,computation,324
63261,1171449655,tg-c401,DEV,"Component Info: Vendor Id =x x, Device Id =x x, Class Code =x x, Seg Bus Dev Func =x x x x x",computation,324
63262,1171449655,tg-c401,DEV,"Component Info: Vendor Id =x x, Device Id =x x, Class Code =x x, Seg Bus Dev Func =x x x x x",computation,324
63263,1171449655,tg-c401,DEV,"Component Info: Vendor Id =x x, Device Id =x x, Class Code =x x, Seg Bus Dev Func =x x x x x",computation,324
63264,1171449655,tg-c401,DEV,+ Platform Specific Error Detail:,computation,324
63265,1171449655,tg-c401,MEM,"Physical Address x, Address Mask: x, Node: x, Card: x, Module: x, Bank: x, Device: x, Row: x, Column: x,",computation,324
63266,1171449655,tg-c401,MEM,"Physical Address x, Address Mask: x, Node: x, Card: x, Module: x, Bank: x, Device: x, Row: x, Column: x,",computation,324
63267,1171449660,tg-c401,DEV,+BEGIN HARDWARE ERROR STATE AT CPE,computation,324
63268,1171449660,tg-c401,DEV,+END HARDWARE ERROR STATE AT CPE,computation,324
63269,1171449660,tg-c401,DEV,+Platform PCI Component Error Info Section,computation,324
63270,1171449660,tg-c401,DEV,+Platform Specific Error Info Section,computation,324
63271,1171449660,tg-c401,DEV,"Component Info: Vendor Id =x x, Device Id =x x, Class Code =x x, Seg Bus Dev Func =x x x x x",computation,324
63272,1171449660,tg-c401,DEV,"Component Info: Vendor Id =x x, Device Id =x x, Class Code =x x, Seg Bus Dev Func =x x x x x",computation,324
63273,1171449660,tg-c401,DEV,"Component Info: Vendor Id =x x, Device Id =x x, Class Code =x x, Seg Bus Dev Func =x x x x x",computation,324
63274,1171449660,tg-c401,DEV,"Component Info: Vendor Id =x x, Device Id =x x, Class Code =x x, Seg Bus Dev Func =x x x x x",computation,324
63275,1171449660,tg-c401,DEV,+ Platform Specific Error Detail:,computation,324
63276,1171449660,tg-c401,MEM,"Physical Address x, Address Mask: x, Node: x, Card: x, Module: x, Bank: x, Device: x, Row: x, Column: x,",computation,324
63277,1171449660,tg-c401,MEM,"Physical Address x, Address Mask: x, Node: x, Card: x, Module: x, Bank: x, Device: x, Row: x, Column: x,",computation,324
63278,1171449666,tg-c401,DEV,+BEGIN HARDWARE ERROR STATE AT CPE,computation,324
63279,1171449666,tg-c401,DEV,+Platform PCI Component Error Info Section,computation,324
63280,1171449666,tg-c401,DEV,"Component Info: Vendor Id =x x, Device Id =x x, Class Code =x x, Seg Bus Dev Func =x x x x x",computation,324
63281,1171449667,tg-c401,DEV,+END HARDWARE ERROR STATE AT CPE,computation,324
63282,1171449667,tg-c401,DEV,+Platform PCI Component Error Info Section,computation,324
63283,1171449667,tg-c401,DEV,+Platform Specific Error Info Section,computation,324
63284,1171449667,tg-c401,DEV,"Component Info: Vendor Id =x x, Device Id =x x, Class Code =x x, Seg Bus Dev Func =x x x x x",computation,324
63285,1171449667,tg-c401,DEV,"Component Info: Vendor Id =x x, Device Id =x x, Class Code =x x, Seg Bus Dev Func =x x x x x",computation,324
63286,1171449667,tg-c401,DEV,"Component Info: Vendor Id =x x, Device Id =x x, Class Code =x x, Seg Bus Dev Func =x x x x x",computation,324
63287,1171449667,tg-c401,DEV,+ Platform Specific Error Detail:,computation,324
63288,1171449667,tg-c401,MEM,"Physical Address x, Address Mask: x, Node: x, Card: x, Module: x, Bank: x, Device: x, Row: x, Column: x,",computation,324
63289,1171449667,tg-c401,MEM,"Physical Address x, Address Mask: x, Node: x, Card: x, Module: x, Bank: x, Device: x, Row: x, Column: x,",computation,324
63290,1171449676,tg-c401,DEV,+BEGIN HARDWARE ERROR STATE AT CPE,computation,324
63291,1171449676,tg-c401,DEV,+Platform PCI Component Error Info Section,computation,324
63292,1171449676,tg-c401,DEV,"Component Info: Vendor Id =x x, Device Id =x x, Class Code =x x, Seg Bus Dev Func =x x x x x",computation,324
63293,1171449676,tg-c401,DEV,"Component Info: Vendor Id =x x, Device Id =x x, Class Code =x x, Seg Bus Dev Func =x x x x x",computation,324
63294,1171449676,tg-c401,DEV,"Component Info: Vendor Id =x x, Device Id =x x, Class Code =x x, Seg Bus Dev Func =x x x x x",computation,324
63295,1171449677,tg-c401,DEV,+Platform Specific Error Info Section,computation,324
63296,1171449677,tg-c401,DEV,"Component Info: Vendor Id =x x, Device Id =x x, Class Code =x x, Seg Bus Dev Func =x x x x x",computation,324
63297,1171449677,tg-c401,DEV,+ Platform Specific Error Detail:,computation,324
63298,1171449677,tg-c401,MEM,"Physical Address x, Address Mask: x, Node: x, Card: x, Module: x, Bank: x, Device: x, Row: x, Column: x,",computation,324
63299,1171449677,tg-c401,MEM,"Physical Address x, Address Mask: x, Node: x, Card: x, Module: x, Bank: x, Device: x, Row: x, Column: x,",computation,324
63300,1171449684,tg-c401,DEV,+BEGIN HARDWARE ERROR STATE AT CPE,computation,324
63301,1171449685,tg-c401,DEV,+END HARDWARE ERROR STATE AT CPE,computation,324
63302,1171449685,tg-c401,DEV,+Platform PCI Component Error Info Section,computation,324
63303,1171449685,tg-c401,DEV,+Platform Specific Error Info Section,computation,324
63304,1171449685,tg-c401,DEV,"Component Info: Vendor Id =x x, Device Id =x x, Class Code =x x, Seg Bus Dev Func =x x x x x",computation,324
63305,1171449685,tg-c401,DEV,"Component Info: Vendor Id =x x, Device Id =x x, Class Code =x x, Seg Bus Dev Func =x x x x x",computation,324
63306,1171449685,tg-c401,DEV,"Component Info: Vendor Id =x x, Device Id =x x, Class Code =x x, Seg Bus Dev Func =x x x x x",computation,324
63307,1171449685,tg-c401,DEV,+ Platform Specific Error Detail:,computation,324
63308,1171449685,tg-c401,MEM,"Physical Address x, Address Mask: x, Node: x, Card: x, Module: x, Bank: x, Device: x, Row: x, Column: x,",computation,324
63309,1171449685,tg-c401,MEM,"Physical Address x, Address Mask: x, Node: x, Card: x, Module: x, Bank: x, Device: x, Row: x, Column: x,",computation,324
63310,1171449690,tg-c401,DEV,+BEGIN HARDWARE ERROR STATE AT CPE,computation,324
63311,1171449690,tg-c401,DEV,+Platform PCI Component Error Info Section,computation,324
63312,1171449690,tg-c401,DEV,"Component Info: Vendor Id =x x, Device Id =x x, Class Code =x x, Seg Bus Dev Func =x x x x x",computation,324
63313,1171449690,tg-c401,DEV,"Component Info: Vendor Id =x x, Device Id =x x, Class Code =x x, Seg Bus Dev Func =x x x x x",computation,324
63314,1171449690,tg-c401,DEV,"Component Info: Vendor Id =x x, Device Id =x x, Class Code =x x, Seg Bus Dev Func =x x x x x",computation,324
63315,1171449690,tg-c401,MEM,"Physical Address x, Address Mask: x, Node: x, Card: x, Module: x, Bank: x, Device: x, Row: x, Column: x,",computation,324
63316,1171449690,tg-c401,MEM,"Physical Address x, Address Mask: x, Node: x, Card: x, Module: x, Bank: x, Device: x, Row: x, Column: x,",computation,324
63317,1171449691,tg-c401,DEV,+END HARDWARE ERROR STATE AT CPE,computation,324
63318,1171449691,tg-c401,DEV,+Platform Specific Error Info Section,computation,324
63319,1171449691,tg-c401,DEV,+ Platform Specific Error Detail:,computation,324
63320,1171449697,tg-c401,DEV,+BEGIN HARDWARE ERROR STATE AT CPE,computation,324
63321,1171449697,tg-c401,DEV,+END HARDWARE ERROR STATE AT CPE,computation,324
63322,1171449697,tg-c401,DEV,+Platform PCI Component Error Info Section,computation,324
63323,1171449697,tg-c401,DEV,+Platform Specific Error Info Section,computation,324
63324,1171449697,tg-c401,DEV,"Component Info: Vendor Id =x x, Device Id =x x, Class Code =x x, Seg Bus Dev Func =x x x x x",computation,324
63325,1171449697,tg-c401,DEV,"Component Info: Vendor Id =x x, Device Id =x x, Class Code =x x, Seg Bus Dev Func =x x x x x",computation,324
63326,1171449697,tg-c401,DEV,"Component Info: Vendor Id =x x, Device Id =x x, Class Code =x x, Seg Bus Dev Func =x x x x x",computation,324
63327,1171449697,tg-c401,DEV,"Component Info: Vendor Id =x x, Device Id =x x, Class Code =x x, Seg Bus Dev Func =x x x x x",computation,324
63328,1171449697,tg-c401,DEV,+ Platform Specific Error Detail:,computation,324
63329,1171449697,tg-c401,MEM,"Physical Address x, Address Mask: x, Node: x, Card: x, Module: x, Bank: x, Device: x, Row: x, Column: x,",computation,324
63330,1171449697,tg-c401,MEM,"Physical Address x, Address Mask: x, Node: x, Card: x, Module: x, Bank: x, Device: x, Row: x, Column: x,",computation,324
63331,1171449706,tg-c401,DEV,+BEGIN HARDWARE ERROR STATE AT CPE,computation,324
63332,1171449706,tg-c401,DEV,+Platform PCI Component Error Info Section,computation,324
63333,1171449706,tg-c401,DEV,"Component Info: Vendor Id =x x, Device Id =x x, Class Code =x x, Seg Bus Dev Func =x x x x x",computation,324
63334,1171449706,tg-c401,DEV,"Component Info: Vendor Id =x x, Device Id =x x, Class Code =x x, Seg Bus Dev Func =x x x x x",computation,324
63335,1171449706,tg-c401,DEV,"Component Info: Vendor Id =x x, Device Id =x x, Class Code =x x, Seg Bus Dev Func =x x x x x",computation,324
63336,1171449707,tg-c401,DEV,+BEGIN HARDWARE ERROR STATE AT CPE,computation,324
63337,1171449707,tg-c401,DEV,+END HARDWARE ERROR STATE AT CPE,computation,324
63338,1171449707,tg-c401,DEV,+Platform PCI Component Error Info Section,computation,324
63339,1171449707,tg-c401,DEV,+Platform Specific Error Info Section,computation,324
63340,1171449707,tg-c401,DEV,"Component Info: Vendor Id =x x, Device Id =x x, Class Code =x x, Seg Bus Dev Func =x x x x x",computation,324
63341,1171449707,tg-c401,DEV,"Component Info: Vendor Id =x x, Device Id =x x, Class Code =x x, Seg Bus Dev Func =x x x x x",computation,324
63342,1171449707,tg-c401,DEV,+ Platform Specific Error Detail:,computation,324
63343,1171449707,tg-c401,MEM,"Physical Address x, Address Mask: x, Node: x, Card: x, Module: x, Bank: x, Device: x, Row: x, Column: x,",computation,324
63344,1171449707,tg-c401,MEM,"Physical Address x, Address Mask: x, Node: x, Card: x, Module: x, Bank: x, Device: x, Row: x, Column: x,",computation,324
63345,1171449708,tg-c401,DEV,"Component Info: Vendor Id =x x, Device Id =x x, Class Code =x x, Seg Bus Dev Func =x x x x x",computation,324
63346,1171449708,tg-c401,DEV,"Component Info: Vendor Id =x x, Device Id =x x, Class Code =x x, Seg Bus Dev Func =x x x x x",computation,324
63347,1171449718,tg-c401,DEV,+BEGIN HARDWARE ERROR STATE AT CPE,computation,324
63348,1171449718,tg-c401,DEV,+Platform PCI Component Error Info Section,computation,324
63349,1171449718,tg-c401,DEV,"Component Info: Vendor Id =x x, Device Id =x x, Class Code =x x, Seg Bus Dev Func =x x x x x",computation,324
63350,1171449718,tg-c401,DEV,"Component Info: Vendor Id =x x, Device Id =x x, Class Code =x x, Seg Bus Dev Func =x x x x x",computation,324
63351,1171449719,tg-c401,DEV,+Platform Specific Error Info Section,computation,324
63352,1171449719,tg-c401,DEV,"Component Info: Vendor Id =x x, Device Id =x x, Class Code =x x, Seg Bus Dev Func =x x x x x",computation,324
63353,1171449719,tg-c401,DEV,"Component Info: Vendor Id =x x, Device Id =x x, Class Code =x x, Seg Bus Dev Func =x x x x x",computation,324
63354,1171449719,tg-c401,DEV,+ Platform Specific Error Detail:,computation,324
63355,1171449719,tg-c401,MEM,"Physical Address x, Address Mask: x, Node: x, Card: x, Module: x, Bank: x, Device: x, Row: x, Column: x,",computation,324
63356,1171449719,tg-c401,MEM,"Physical Address x, Address Mask: x, Node: x, Card: x, Module: x, Bank: x, Device: x, Row: x, Column: x,",computation,324
63357,1171449728,tg-c401,DEV,+BEGIN HARDWARE ERROR STATE AT CPE,computation,324
63358,1171449728,tg-c401,DEV,+Platform PCI Component Error Info Section,computation,324
63359,1171449728,tg-c401,DEV,"Component Info: Vendor Id =x x, Device Id =x x, Class Code =x x, Seg Bus Dev Func =x x x x x",computation,324
63360,1171449728,tg-c401,DEV,"Component Info: Vendor Id =x x, Device Id =x x, Class Code =x x, Seg Bus Dev Func =x x x x x",computation,324
63361,1171449728,tg-c401,DEV,"Component Info: Vendor Id =x x, Device Id =x x, Class Code =x x, Seg Bus Dev Func =x x x x x",computation,324
63362,1171449728,tg-c401,DEV,"Component Info: Vendor Id =x x, Device Id =x x, Class Code =x x, Seg Bus Dev Func =x x x x x",computation,324
63363,1171449728,tg-c401,MEM,"Physical Address x, Address Mask: x, Node: x, Card: x, Module: x, Bank: x, Device: x, Row: x, Column: x,",computation,324
63364,1171449728,tg-c401,MEM,"Physical Address x, Address Mask: x, Node: x, Card: x, Module: x, Bank: x, Device: x, Row: x, Column: x,",computation,324
63365,1171449734,tg-c401,DEV,+BEGIN HARDWARE ERROR STATE AT CPE,computation,324
63366,1171449734,tg-c401,DEV,+Platform PCI Component Error Info Section,computation,324
63367,1171449734,tg-c401,DEV,"Component Info: Vendor Id =x x, Device Id =x x, Class Code =x x, Seg Bus Dev Func =x x x x x",computation,324
63368,1171449734,tg-c401,DEV,"Component Info: Vendor Id =x x, Device Id =x x, Class Code =x x, Seg Bus Dev Func =x x x x x",computation,324
63369,1171449734,tg-c401,DEV,"Component Info: Vendor Id =x x, Device Id =x x, Class Code =x x, Seg Bus Dev Func =x x x x x",computation,324
63370,1171449734,tg-c401,DEV,"Component Info: Vendor Id =x x, Device Id =x x, Class Code =x x, Seg Bus Dev Func =x x x x x",computation,324
63371,1171449734,tg-c401,DEV,+ Platform Specific Error Detail:,computation,324
63372,1171449734,tg-c401,MEM,"Physical Address x, Address Mask: x, Node: x, Card: x, Module: x, Bank: x, Device: x, Row: x, Column: x,",computation,324
63373,1171449734,tg-c401,MEM,"Physical Address x, Address Mask: x, Node: x, Card: x, Module: x, Bank: x, Device: x, Row: x, Column: x,",computation,324
63374,1171449768,tg-c401,DEV,+BEGIN HARDWARE ERROR STATE AT CPE,computation,324
63375,1171449768,tg-c401,DEV,+Platform PCI Component Error Info Section,computation,324
63376,1171449768,tg-c401,DEV,"Component Info: Vendor Id =x x, Device Id =x x, Class Code =x x, Seg Bus Dev Func =x x x x x",computation,324
63377,1171449768,tg-c401,DEV,"Component Info: Vendor Id =x x, Device Id =x x, Class Code =x x, Seg Bus Dev Func =x x x x x",computation,324
63378,1171449768,tg-c401,DEV,"Component Info: Vendor Id =x x, Device Id =x x, Class Code =x x, Seg Bus Dev Func =x x x x x",computation,324
63379,1171449769,tg-c401,DEV,+END HARDWARE ERROR STATE AT CPE,computation,324
63380,1171449769,tg-c401,DEV,+Platform PCI Component Error Info Section,computation,324
63381,1171449769,tg-c401,DEV,+Platform Specific Error Info Section,computation,324
63382,1171449769,tg-c401,DEV,"Component Info: Vendor Id =x x, Device Id =x x, Class Code =x x, Seg Bus Dev Func =x x x x x",computation,324
63383,1171449769,tg-c401,DEV,+ Platform Specific Error Detail:,computation,324
63384,1171449769,tg-c401,MEM,"Physical Address x, Address Mask: x, Node: x, Card: x, Module: x, Bank: x, Device: x, Row: x, Column: x,",computation,324
63385,1171449769,tg-c401,MEM,"Physical Address x, Address Mask: x, Node: x, Card: x, Module: x, Bank: x, Device: x, Row: x, Column: x,",computation,324
63386,1171449784,tg-c401,DEV,+BEGIN HARDWARE ERROR STATE AT CPE,computation,324
63387,1171449784,tg-c401,DEV,+END HARDWARE ERROR STATE AT CPE,computation,324
63388,1171449784,tg-c401,DEV,+Platform PCI Component Error Info Section,computation,324
63389,1171449784,tg-c401,DEV,+Platform Specific Error Info Section,computation,324
63390,1171449784,tg-c401,DEV,"Component Info: Vendor Id =x x, Device Id =x x, Class Code =x x, Seg Bus Dev Func =x x x x x",computation,324
63391,1171449784,tg-c401,DEV,"Component Info: Vendor Id =x x, Device Id =x x, Class Code =x x, Seg Bus Dev Func =x x x x x",computation,324
63392,1171449784,tg-c401,DEV,"Component Info: Vendor Id =x x, Device Id =x x, Class Code =x x, Seg Bus Dev Func =x x x x x",computation,324
63393,1171449784,tg-c401,DEV,"Component Info: Vendor Id =x x, Device Id =x x, Class Code =x x, Seg Bus Dev Func =x x x x x",computation,324
63394,1171449784,tg-c401,DEV,+ Platform Specific Error Detail:,computation,324
63395,1171449784,tg-c401,MEM,"Physical Address x, Address Mask: x, Node: x, Card: x, Module: x, Bank: x, Device: x, Row: x, Column: x,",computation,324
63396,1171449784,tg-c401,MEM,"Physical Address x, Address Mask: x, Node: x, Card: x, Module: x, Bank: x, Device: x, Row: x, Column: x,",computation,324
63397,1171449804,tg-c401,DEV,+BEGIN HARDWARE ERROR STATE AT CPE,computation,324
63398,1171449804,tg-c401,DEV,+Platform PCI Component Error Info Section,computation,324
63399,1171449805,tg-c401,DEV,+END HARDWARE ERROR STATE AT CPE,computation,324
63400,1171449805,tg-c401,DEV,+Platform PCI Component Error Info Section,computation,324
63401,1171449805,tg-c401,DEV,+Platform Specific Error Info Section,computation,324
63402,1171449805,tg-c401,DEV,"Component Info: Vendor Id =x x, Device Id =x x, Class Code =x x, Seg Bus Dev Func =x x x x x",computation,324
63403,1171449805,tg-c401,DEV,"Component Info: Vendor Id =x x, Device Id =x x, Class Code =x x, Seg Bus Dev Func =x x x x x",computation,324
63404,1171449805,tg-c401,DEV,"Component Info: Vendor Id =x x, Device Id =x x, Class Code =x x, Seg Bus Dev Func =x x x x x",computation,324
63405,1171449805,tg-c401,DEV,"Component Info: Vendor Id =x x, Device Id =x x, Class Code =x x, Seg Bus Dev Func =x x x x x",computation,324
63406,1171449805,tg-c401,DEV,+ Platform Specific Error Detail:,computation,324
63407,1171449805,tg-c401,MEM,"Physical Address x, Address Mask: x, Node: x, Card: x, Module: x, Bank: x, Device: x, Row: x, Column: x,",computation,324
63408,1171449805,tg-c401,MEM,"Physical Address x, Address Mask: x, Node: x, Card: x, Module: x, Bank: x, Device: x, Row: x, Column: x,",computation,324
63409,1171449809,tg-c401,DEV,+BEGIN HARDWARE ERROR STATE AT CPE,computation,324
63410,1171449809,tg-c401,DEV,+Platform PCI Component Error Info Section,computation,324
63411,1171449809,tg-c401,DEV,+Platform Specific Error Info Section,computation,324
63412,1171449809,tg-c401,DEV,"Component Info: Vendor Id =x x, Device Id =x x, Class Code =x x, Seg Bus Dev Func =x x x x x",computation,324
63413,1171449809,tg-c401,DEV,"Component Info: Vendor Id =x x, Device Id =x x, Class Code =x x, Seg Bus Dev Func =x x x x x",computation,324
63414,1171449809,tg-c401,DEV,"Component Info: Vendor Id =x x, Device Id =x x, Class Code =x x, Seg Bus Dev Func =x x x x x",computation,324
63415,1171449809,tg-c401,DEV,"Component Info: Vendor Id =x x, Device Id =x x, Class Code =x x, Seg Bus Dev Func =x x x x x",computation,324
63416,1171449809,tg-c401,DEV,+ Platform Specific Error Detail:,computation,324
63417,1171449809,tg-c401,MEM,"Physical Address x, Address Mask: x, Node: x, Card: x, Module: x, Bank: x, Device: x, Row: x, Column: x,",computation,324
63418,1171449809,tg-c401,MEM,"Physical Address x, Address Mask: x, Node: x, Card: x, Module: x, Bank: x, Device: x, Row: x, Column: x,",computation,324
63419,1171449827,tg-c401,DEV,+BEGIN HARDWARE ERROR STATE AT CPE,computation,324
63420,1171449827,tg-c401,DEV,+END HARDWARE ERROR STATE AT CPE,computation,324
63421,1171449827,tg-c401,DEV,+Platform PCI Component Error Info Section,computation,324
63422,1171449827,tg-c401,DEV,+Platform Specific Error Info Section,computation,324
63423,1171449827,tg-c401,DEV,"Component Info: Vendor Id =x x, Device Id =x x, Class Code =x x, Seg Bus Dev Func =x x x x x",computation,324
63424,1171449827,tg-c401,DEV,"Component Info: Vendor Id =x x, Device Id =x x, Class Code =x x, Seg Bus Dev Func =x x x x x",computation,324
63425,1171449827,tg-c401,DEV,"Component Info: Vendor Id =x x, Device Id =x x, Class Code =x x, Seg Bus Dev Func =x x x x x",computation,324
63426,1171449827,tg-c401,DEV,"Component Info: Vendor Id =x x, Device Id =x x, Class Code =x x, Seg Bus Dev Func =x x x x x",computation,324
63427,1171449827,tg-c401,DEV,+ Platform Specific Error Detail:,computation,324
63428,1171449827,tg-c401,MEM,"Physical Address x, Address Mask: x, Node: x, Card: x, Module: x, Bank: x, Device: x, Row: x, Column: x,",computation,324
63429,1171449827,tg-c401,MEM,"Physical Address x, Address Mask: x, Node: x, Card: x, Module: x, Bank: x, Device: x, Row: x, Column: x,",computation,324
63430,1171449834,tg-c401,DEV,+BEGIN HARDWARE ERROR STATE AT CPE,computation,324
63431,1171449834,tg-c401,DEV,+Platform PCI Component Error Info Section,computation,324
63432,1171449834,tg-c401,DEV,+Platform Specific Error Info Section,computation,324
63433,1171449834,tg-c401,DEV,"Component Info: Vendor Id =x x, Device Id =x x, Class Code =x x, Seg Bus Dev Func =x x x x x",computation,324
63434,1171449834,tg-c401,DEV,"Component Info: Vendor Id =x x, Device Id =x x, Class Code =x x, Seg Bus Dev Func =x x x x x",computation,324
63435,1171449834,tg-c401,DEV,"Component Info: Vendor Id =x x, Device Id =x x, Class Code =x x, Seg Bus Dev Func =x x x x x",computation,324
63436,1171449834,tg-c401,DEV,"Component Info: Vendor Id =x x, Device Id =x x, Class Code =x x, Seg Bus Dev Func =x x x x x",computation,324
63437,1171449834,tg-c401,DEV,+ Platform Specific Error Detail:,computation,324
63438,1171449834,tg-c401,MEM,"Physical Address x, Address Mask: x, Node: x, Card: x, Module: x, Bank: x, Device: x, Row: x, Column: x,",computation,324
63439,1171449834,tg-c401,MEM,"Physical Address x, Address Mask: x, Node: x, Card: x, Module: x, Bank: x, Device: x, Row: x, Column: x,",computation,324
63440,1171449929,tg-c401,DEV,+BEGIN HARDWARE ERROR STATE AT CPE,computation,324
63441,1171449930,tg-c401,DEV,+END HARDWARE ERROR STATE AT CPE,computation,324
63442,1171449930,tg-c401,DEV,+Platform PCI Component Error Info Section,computation,324
63443,1171449930,tg-c401,DEV,+Platform Specific Error Info Section,computation,324
63444,1171449930,tg-c401,DEV,"Component Info: Vendor Id =x x, Device Id =x x, Class Code =x x, Seg Bus Dev Func =x x x x x",computation,324
63445,1171449930,tg-c401,DEV,"Component Info: Vendor Id =x x, Device Id =x x, Class Code =x x, Seg Bus Dev Func =x x x x x",computation,324
63446,1171449930,tg-c401,DEV,"Component Info: Vendor Id =x x, Device Id =x x, Class Code =x x, Seg Bus Dev Func =x x x x x",computation,324
63447,1171449930,tg-c401,DEV,"Component Info: Vendor Id =x x, Device Id =x x, Class Code =x x, Seg Bus Dev Func =x x x x x",computation,324
63448,1171449930,tg-c401,DEV,+ Platform Specific Error Detail:,computation,324
63449,1171449930,tg-c401,MEM,"Physical Address x, Address Mask: x, Node: x, Card: x, Module: x, Bank: x, Device: x, Row: x, Column: x,",computation,324
63450,1171449930,tg-c401,MEM,"Physical Address x, Address Mask: x, Node: x, Card: x, Module: x, Bank: x, Device: x, Row: x, Column: x,",computation,324
63451,1171449944,tg-c401,DEV,+BEGIN HARDWARE ERROR STATE AT CPE,computation,324
63452,1171449944,tg-c401,DEV,+END HARDWARE ERROR STATE AT CPE,computation,324
63453,1171449944,tg-c401,DEV,+Platform PCI Component Error Info Section,computation,324
63454,1171449944,tg-c401,DEV,+Platform Specific Error Info Section,computation,324
63455,1171449944,tg-c401,DEV,"Component Info: Vendor Id =x x, Device Id =x x, Class Code =x x, Seg Bus Dev Func =x x x x x",computation,324
63456,1171449944,tg-c401,DEV,"Component Info: Vendor Id =x x, Device Id =x x, Class Code =x x, Seg Bus Dev Func =x x x x x",computation,324
63457,1171449944,tg-c401,DEV,"Component Info: Vendor Id =x x, Device Id =x x, Class Code =x x, Seg Bus Dev Func =x x x x x",computation,324
63458,1171449944,tg-c401,DEV,"Component Info: Vendor Id =x x, Device Id =x x, Class Code =x x, Seg Bus Dev Func =x x x x x",computation,324
63459,1171449944,tg-c401,DEV,+ Platform Specific Error Detail:,computation,324
63460,1171449944,tg-c401,MEM,"Physical Address x, Address Mask: x, Node: x, Card: x, Module: x, Bank: x, Device: x, Row: x, Column: x,",computation,324
63461,1171449944,tg-c401,MEM,"Physical Address x, Address Mask: x, Node: x, Card: x, Module: x, Bank: x, Device: x, Row: x, Column: x,",computation,324
63462,1171449945,tg-c401,DEV,+BEGIN HARDWARE ERROR STATE AT CPE,computation,324
63463,1171449945,tg-c401,DEV,+Platform PCI Component Error Info Section,computation,324
63464,1171449945,tg-c401,DEV,+Platform Specific Error Info Section,computation,324
63465,1171449945,tg-c401,DEV,"Component Info: Vendor Id =x x, Device Id =x x, Class Code =x x, Seg Bus Dev Func =x x x x x",computation,324
63466,1171449945,tg-c401,DEV,"Component Info: Vendor Id =x x, Device Id =x x, Class Code =x x, Seg Bus Dev Func =x x x x x",computation,324
63467,1171449945,tg-c401,DEV,"Component Info: Vendor Id =x x, Device Id =x x, Class Code =x x, Seg Bus Dev Func =x x x x x",computation,324
63468,1171449945,tg-c401,DEV,"Component Info: Vendor Id =x x, Device Id =x x, Class Code =x x, Seg Bus Dev Func =x x x x x",computation,324
63469,1171449945,tg-c401,DEV,+ Platform Specific Error Detail:,computation,324
63470,1171449945,tg-c401,MEM,"Physical Address x, Address Mask: x, Node: x, Card: x, Module: x, Bank: x, Device: x, Row: x, Column: x,",computation,324
63471,1171449945,tg-c401,MEM,"Physical Address x, Address Mask: x, Node: x, Card: x, Module: x, Bank: x, Device: x, Row: x, Column: x,",computation,324
63472,1171449955,tg-c401,DEV,+BEGIN HARDWARE ERROR STATE AT CPE,computation,324
63473,1171449955,tg-c401,DEV,+END HARDWARE ERROR STATE AT CPE,computation,324
63474,1171449955,tg-c401,DEV,+Platform PCI Component Error Info Section,computation,324
63475,1171449955,tg-c401,DEV,+Platform Specific Error Info Section,computation,324
63476,1171449955,tg-c401,DEV,"Component Info: Vendor Id =x x, Device Id =x x, Class Code =x x, Seg Bus Dev Func =x x x x x",computation,324
63477,1171449955,tg-c401,DEV,"Component Info: Vendor Id =x x, Device Id =x x, Class Code =x x, Seg Bus Dev Func =x x x x x",computation,324
63478,1171449955,tg-c401,DEV,"Component Info: Vendor Id =x x, Device Id =x x, Class Code =x x, Seg Bus Dev Func =x x x x x",computation,324
63479,1171449955,tg-c401,DEV,"Component Info: Vendor Id =x x, Device Id =x x, Class Code =x x, Seg Bus Dev Func =x x x x x",computation,324
63480,1171449955,tg-c401,DEV,+ Platform Specific Error Detail:,computation,324
63481,1171449955,tg-c401,MEM,"Physical Address x, Address Mask: x, Node: x, Card: x, Module: x, Bank: x, Device: x, Row: x, Column: x,",computation,324
63482,1171449955,tg-c401,MEM,"Physical Address x, Address Mask: x, Node: x, Card: x, Module: x, Bank: x, Device: x, Row: x, Column: x,",computation,324
63483,1171449961,tg-c401,DEV,+BEGIN HARDWARE ERROR STATE AT CPE,computation,324
63484,1171449961,tg-c401,DEV,+Platform PCI Component Error Info Section,computation,324
63485,1171449961,tg-c401,DEV,+Platform Specific Error Info Section,computation,324
63486,1171449961,tg-c401,DEV,"Component Info: Vendor Id =x x, Device Id =x x, Class Code =x x, Seg Bus Dev Func =x x x x x",computation,324
63487,1171449961,tg-c401,DEV,"Component Info: Vendor Id =x x, Device Id =x x, Class Code =x x, Seg Bus Dev Func =x x x x x",computation,324
63488,1171449961,tg-c401,DEV,"Component Info: Vendor Id =x x, Device Id =x x, Class Code =x x, Seg Bus Dev Func =x x x x x",computation,324
63489,1171449961,tg-c401,DEV,+ Platform Specific Error Detail:,computation,324
63490,1171449961,tg-c401,MEM,"Physical Address x, Address Mask: x, Node: x, Card: x, Module: x, Bank: x, Device: x, Row: x, Column: x,",computation,324
63491,1171449961,tg-c401,MEM,"Physical Address x, Address Mask: x, Node: x, Card: x, Module: x, Bank: x, Device: x, Row: x, Column: x,",computation,324
63492,1171449962,tg-c401,DEV,+BEGIN HARDWARE ERROR STATE AT CPE,computation,324
63493,1171449962,tg-c401,DEV,+END HARDWARE ERROR STATE AT CPE,computation,324
63494,1171449962,tg-c401,DEV,+Platform PCI Component Error Info Section,computation,324
63495,1171449962,tg-c401,DEV,+Platform Specific Error Info Section,computation,324
63496,1171449962,tg-c401,DEV,"Component Info: Vendor Id =x x, Device Id =x x, Class Code =x x, Seg Bus Dev Func =x x x x x",computation,324
63497,1171449962,tg-c401,DEV,"Component Info: Vendor Id =x x, Device Id =x x, Class Code =x x, Seg Bus Dev Func =x x x x x",computation,324
63498,1171449962,tg-c401,DEV,"Component Info: Vendor Id =x x, Device Id =x x, Class Code =x x, Seg Bus Dev Func =x x x x x",computation,324
63499,1171449962,tg-c401,DEV,"Component Info: Vendor Id =x x, Device Id =x x, Class Code =x x, Seg Bus Dev Func =x x x x x",computation,324
63500,1171449962,tg-c401,DEV,+ Platform Specific Error Detail:,computation,324
63501,1171449962,tg-c401,MEM,"Physical Address x, Address Mask: x, Node: x, Card: x, Module: x, Bank: x, Device: x, Row: x, Column: x,",computation,324
63502,1171449962,tg-c401,MEM,"Physical Address x, Address Mask: x, Node: x, Card: x, Module: x, Bank: x, Device: x, Row: x, Column: x,",computation,324
63503,1171450059,tg-c401,DEV,+BEGIN HARDWARE ERROR STATE AT CPE,computation,324
63504,1171450059,tg-c401,DEV,+END HARDWARE ERROR STATE AT CPE,computation,324
63505,1171450059,tg-c401,DEV,+Platform PCI Component Error Info Section,computation,324
63506,1171450059,tg-c401,DEV,+Platform Specific Error Info Section,computation,324
63507,1171450059,tg-c401,DEV,"Component Info: Vendor Id =x x, Device Id =x x, Class Code =x x, Seg Bus Dev Func =x x x x x",computation,324
63508,1171450059,tg-c401,DEV,"Component Info: Vendor Id =x x, Device Id =x x, Class Code =x x, Seg Bus Dev Func =x x x x x",computation,324
63509,1171450059,tg-c401,DEV,"Component Info: Vendor Id =x x, Device Id =x x, Class Code =x x, Seg Bus Dev Func =x x x x x",computation,324
63510,1171450059,tg-c401,DEV,"Component Info: Vendor Id =x x, Device Id =x x, Class Code =x x, Seg Bus Dev Func =x x x x x",computation,324
63511,1171450059,tg-c401,DEV,+ Platform Specific Error Detail:,computation,324
63512,1171450059,tg-c401,MEM,"Physical Address x, Address Mask: x, Node: x, Card: x, Module: x, Bank: x, Device: x, Row: x, Column: x,",computation,324
63513,1171450059,tg-c401,MEM,"Physical Address x, Address Mask: x, Node: x, Card: x, Module: x, Bank: x, Device: x, Row: x, Column: x,",computation,324
63514,1171450060,tg-c401,DEV,+BEGIN HARDWARE ERROR STATE AT CPE,computation,324
63515,1171450060,tg-c401,DEV,+END HARDWARE ERROR STATE AT CPE,computation,324
63516,1171450060,tg-c401,DEV,+Platform PCI Component Error Info Section,computation,324
63517,1171450060,tg-c401,DEV,+Platform Specific Error Info Section,computation,324
63518,1171450060,tg-c401,DEV,"Component Info: Vendor Id =x x, Device Id =x x, Class Code =x x, Seg Bus Dev Func =x x x x x",computation,324
63519,1171450060,tg-c401,DEV,"Component Info: Vendor Id =x x, Device Id =x x, Class Code =x x, Seg Bus Dev Func =x x x x x",computation,324
63520,1171450060,tg-c401,DEV,"Component Info: Vendor Id =x x, Device Id =x x, Class Code =x x, Seg Bus Dev Func =x x x x x",computation,324
63521,1171450060,tg-c401,DEV,"Component Info: Vendor Id =x x, Device Id =x x, Class Code =x x, Seg Bus Dev Func =x x x x x",computation,324
63522,1171450060,tg-c401,DEV,+ Platform Specific Error Detail:,computation,324
63523,1171450060,tg-c401,MEM,"Physical Address x, Address Mask: x, Node: x, Card: x, Module: x, Bank: x, Device: x, Row: x, Column: x,",computation,324
63524,1171450060,tg-c401,MEM,"Physical Address x, Address Mask: x, Node: x, Card: x, Module: x, Bank: x, Device: x, Row: x, Column: x,",computation,324
63525,1171450063,tg-c401,DEV,+BEGIN HARDWARE ERROR STATE AT CPE,computation,324
63526,1171450063,tg-c401,DEV,+END HARDWARE ERROR STATE AT CPE,computation,324
63527,1171450063,tg-c401,DEV,+Platform PCI Component Error Info Section,computation,324
63528,1171450063,tg-c401,DEV,+Platform Specific Error Info Section,computation,324
63529,1171450063,tg-c401,DEV,"Component Info: Vendor Id =x x, Device Id =x x, Class Code =x x, Seg Bus Dev Func =x x x x x",computation,324
63530,1171450063,tg-c401,DEV,"Component Info: Vendor Id =x x, Device Id =x x, Class Code =x x, Seg Bus Dev Func =x x x x x",computation,324
63531,1171450063,tg-c401,DEV,"Component Info: Vendor Id =x x, Device Id =x x, Class Code =x x, Seg Bus Dev Func =x x x x x",computation,324
63532,1171450063,tg-c401,DEV,"Component Info: Vendor Id =x x, Device Id =x x, Class Code =x x, Seg Bus Dev Func =x x x x x",computation,324
63533,1171450063,tg-c401,DEV,+ Platform Specific Error Detail:,computation,324
63534,1171450063,tg-c401,MEM,"Physical Address x, Address Mask: x, Node: x, Card: x, Module: x, Bank: x, Device: x, Row: x, Column: x,",computation,324
63535,1171450063,tg-c401,MEM,"Physical Address x, Address Mask: x, Node: x, Card: x, Module: x, Bank: x, Device: x, Row: x, Column: x,",computation,324
63536,1171450113,tg-c401,DEV,+BEGIN HARDWARE ERROR STATE AT CPE,computation,324
63537,1171450113,tg-c401,DEV,+END HARDWARE ERROR STATE AT CPE,computation,324
63538,1171450113,tg-c401,DEV,+Platform PCI Component Error Info Section,computation,324
63539,1171450113,tg-c401,DEV,+Platform Specific Error Info Section,computation,324
63540,1171450113,tg-c401,DEV,"Component Info: Vendor Id =x x, Device Id =x x, Class Code =x x, Seg Bus Dev Func =x x x x x",computation,324
63541,1171450113,tg-c401,DEV,"Component Info: Vendor Id =x x, Device Id =x x, Class Code =x x, Seg Bus Dev Func =x x x x x",computation,324
63542,1171450113,tg-c401,DEV,"Component Info: Vendor Id =x x, Device Id =x x, Class Code =x x, Seg Bus Dev Func =x x x x x",computation,324
63543,1171450113,tg-c401,DEV,"Component Info: Vendor Id =x x, Device Id =x x, Class Code =x x, Seg Bus Dev Func =x x x x x",computation,324
63544,1171450113,tg-c401,DEV,+ Platform Specific Error Detail:,computation,324
63545,1171450113,tg-c401,MEM,"Physical Address x, Address Mask: x, Node: x, Card: x, Module: x, Bank: x, Device: x, Row: x, Column: x,",computation,324
63546,1171450113,tg-c401,MEM,"Physical Address x, Address Mask: x, Node: x, Card: x, Module: x, Bank: x, Device: x, Row: x, Column: x,",computation,324
63547,1171450127,tg-c401,DEV,+BEGIN HARDWARE ERROR STATE AT CPE,computation,324
63548,1171450127,tg-c401,DEV,+Platform PCI Component Error Info Section,computation,324
63549,1171450128,tg-c401,DEV,+Platform PCI Component Error Info Section,computation,324
63550,1171450128,tg-c401,DEV,+Platform Specific Error Info Section,computation,324
63551,1171450128,tg-c401,DEV,"Component Info: Vendor Id =x x, Device Id =x x, Class Code =x x, Seg Bus Dev Func =x x x x x",computation,324
63552,1171450128,tg-c401,DEV,"Component Info: Vendor Id =x x, Device Id =x x, Class Code =x x, Seg Bus Dev Func =x x x x x",computation,324
63553,1171450128,tg-c401,DEV,"Component Info: Vendor Id =x x, Device Id =x x, Class Code =x x, Seg Bus Dev Func =x x x x x",computation,324
63554,1171450128,tg-c401,DEV,+ Platform Specific Error Detail:,computation,324
63555,1171450128,tg-c401,MEM,"Physical Address x, Address Mask: x, Node: x, Card: x, Module: x, Bank: x, Device: x, Row: x, Column: x,",computation,324
63556,1171450128,tg-c401,MEM,"Physical Address x, Address Mask: x, Node: x, Card: x, Module: x, Bank: x, Device: x, Row: x, Column: x,",computation,324
63557,1171450136,tg-c401,DEV,+BEGIN HARDWARE ERROR STATE AT CPE,computation,324
63558,1171450136,tg-c401,DEV,+END HARDWARE ERROR STATE AT CPE,computation,324
63559,1171450136,tg-c401,DEV,+Platform PCI Component Error Info Section,computation,324
63560,1171450136,tg-c401,DEV,+Platform Specific Error Info Section,computation,324
63561,1171450136,tg-c401,DEV,"Component Info: Vendor Id =x x, Device Id =x x, Class Code =x x, Seg Bus Dev Func =x x x x x",computation,324
63562,1171450136,tg-c401,DEV,"Component Info: Vendor Id =x x, Device Id =x x, Class Code =x x, Seg Bus Dev Func =x x x x x",computation,324
63563,1171450136,tg-c401,DEV,"Component Info: Vendor Id =x x, Device Id =x x, Class Code =x x, Seg Bus Dev Func =x x x x x",computation,324
63564,1171450136,tg-c401,DEV,"Component Info: Vendor Id =x x, Device Id =x x, Class Code =x x, Seg Bus Dev Func =x x x x x",computation,324
63565,1171450136,tg-c401,DEV,+ Platform Specific Error Detail:,computation,324
63566,1171450136,tg-c401,MEM,"Physical Address x, Address Mask: x, Node: x, Card: x, Module: x, Bank: x, Device: x, Row: x, Column: x,",computation,324
63567,1171450136,tg-c401,MEM,"Physical Address x, Address Mask: x, Node: x, Card: x, Module: x, Bank: x, Device: x, Row: x, Column: x,",computation,324
63568,1171450146,tg-c401,DEV,+BEGIN HARDWARE ERROR STATE AT CPE,computation,324
63569,1171450146,tg-c401,DEV,+Platform PCI Component Error Info Section,computation,324
63570,1171450146,tg-c401,DEV,+Platform Specific Error Info Section,computation,324
63571,1171450146,tg-c401,DEV,"Component Info: Vendor Id =x x, Device Id =x x, Class Code =x x, Seg Bus Dev Func =x x x x x",computation,324
63572,1171450146,tg-c401,DEV,"Component Info: Vendor Id =x x, Device Id =x x, Class Code =x x, Seg Bus Dev Func =x x x x x",computation,324
63573,1171450146,tg-c401,DEV,"Component Info: Vendor Id =x x, Device Id =x x, Class Code =x x, Seg Bus Dev Func =x x x x x",computation,324
63574,1171450146,tg-c401,DEV,"Component Info: Vendor Id =x x, Device Id =x x, Class Code =x x, Seg Bus Dev Func =x x x x x",computation,324
63575,1171450146,tg-c401,DEV,+ Platform Specific Error Detail:,computation,324
63576,1171450146,tg-c401,MEM,"Physical Address x, Address Mask: x, Node: x, Card: x, Module: x, Bank: x, Device: x, Row: x, Column: x,",computation,324
63577,1171450146,tg-c401,MEM,"Physical Address x, Address Mask: x, Node: x, Card: x, Module: x, Bank: x, Device: x, Row: x, Column: x,",computation,324
63578,1171450150,tg-c401,DEV,+BEGIN HARDWARE ERROR STATE AT CPE,computation,324
63579,1171450150,tg-c401,DEV,+Platform PCI Component Error Info Section,computation,324
63580,1171450150,tg-c401,DEV,+Platform Specific Error Info Section,computation,324
63581,1171450150,tg-c401,DEV,"Component Info: Vendor Id =x x, Device Id =x x, Class Code =x x, Seg Bus Dev Func =x x x x x",computation,324
63582,1171450150,tg-c401,DEV,"Component Info: Vendor Id =x x, Device Id =x x, Class Code =x x, Seg Bus Dev Func =x x x x x",computation,324
63583,1171450150,tg-c401,DEV,"Component Info: Vendor Id =x x, Device Id =x x, Class Code =x x, Seg Bus Dev Func =x x x x x",computation,324
63584,1171450150,tg-c401,DEV,"Component Info: Vendor Id =x x, Device Id =x x, Class Code =x x, Seg Bus Dev Func =x x x x x",computation,324
63585,1171450150,tg-c401,DEV,+ Platform Specific Error Detail:,computation,324
63586,1171450150,tg-c401,MEM,"Physical Address x, Address Mask: x, Node: x, Card: x, Module: x, Bank: x, Device: x, Row: x, Column: x,",computation,324
63587,1171450150,tg-c401,MEM,"Physical Address x, Address Mask: x, Node: x, Card: x, Module: x, Bank: x, Device: x, Row: x, Column: x,",computation,324
63588,1171450151,tg-c401,DEV,+END HARDWARE ERROR STATE AT CPE,computation,324
63589,1171450161,tg-c401,DEV,+BEGIN HARDWARE ERROR STATE AT CPE,computation,324
63590,1171450161,tg-c401,DEV,+Platform PCI Component Error Info Section,computation,324
63591,1171450161,tg-c401,DEV,+Platform Specific Error Info Section,computation,324
63592,1171450161,tg-c401,DEV,"Component Info: Vendor Id =x x, Device Id =x x, Class Code =x x, Seg Bus Dev Func =x x x x x",computation,324
63593,1171450161,tg-c401,DEV,"Component Info: Vendor Id =x x, Device Id =x x, Class Code =x x, Seg Bus Dev Func =x x x x x",computation,324
63594,1171450161,tg-c401,DEV,+ Platform Specific Error Detail:,computation,324
63595,1171450161,tg-c401,MEM,"Physical Address x, Address Mask: x, Node: x, Card: x, Module: x, Bank: x, Device: x, Row: x, Column: x,",computation,324
63596,1171450161,tg-c401,MEM,"Physical Address x, Address Mask: x, Node: x, Card: x, Module: x, Bank: x, Device: x, Row: x, Column: x,",computation,324
63597,1171450162,tg-c401,DEV,+BEGIN HARDWARE ERROR STATE AT CPE,computation,324
63598,1171450162,tg-c401,DEV,+END HARDWARE ERROR STATE AT CPE,computation,324
63599,1171450162,tg-c401,DEV,+Platform PCI Component Error Info Section,computation,324
63600,1171450162,tg-c401,DEV,+Platform Specific Error Info Section,computation,324
63601,1171450162,tg-c401,DEV,"Component Info: Vendor Id =x x, Device Id =x x, Class Code =x x, Seg Bus Dev Func =x x x x x",computation,324
63602,1171450162,tg-c401,DEV,"Component Info: Vendor Id =x x, Device Id =x x, Class Code =x x, Seg Bus Dev Func =x x x x x",computation,324
63603,1171450162,tg-c401,DEV,"Component Info: Vendor Id =x x, Device Id =x x, Class Code =x x, Seg Bus Dev Func =x x x x x",computation,324
63604,1171450162,tg-c401,DEV,"Component Info: Vendor Id =x x, Device Id =x x, Class Code =x x, Seg Bus Dev Func =x x x x x",computation,324
63605,1171450162,tg-c401,DEV,+ Platform Specific Error Detail:,computation,324
63606,1171450162,tg-c401,MEM,"Physical Address x, Address Mask: x, Node: x, Card: x, Module: x, Bank: x, Device: x, Row: x, Column: x,",computation,324
63607,1171450162,tg-c401,MEM,"Physical Address x, Address Mask: x, Node: x, Card: x, Module: x, Bank: x, Device: x, Row: x, Column: x,",computation,324
63608,1171450178,tg-c401,DEV,+BEGIN HARDWARE ERROR STATE AT CPE,computation,324
63609,1171450178,tg-c401,DEV,+END HARDWARE ERROR STATE AT CPE,computation,324
63610,1171450178,tg-c401,DEV,+Platform PCI Component Error Info Section,computation,324
63611,1171450178,tg-c401,DEV,+Platform Specific Error Info Section,computation,324
63612,1171450178,tg-c401,DEV,"Component Info: Vendor Id =x x, Device Id =x x, Class Code =x x, Seg Bus Dev Func =x x x x x",computation,324
63613,1171450178,tg-c401,DEV,"Component Info: Vendor Id =x x, Device Id =x x, Class Code =x x, Seg Bus Dev Func =x x x x x",computation,324
63614,1171450178,tg-c401,DEV,"Component Info: Vendor Id =x x, Device Id =x x, Class Code =x x, Seg Bus Dev Func =x x x x x",computation,324
63615,1171450178,tg-c401,DEV,"Component Info: Vendor Id =x x, Device Id =x x, Class Code =x x, Seg Bus Dev Func =x x x x x",computation,324
63616,1171450178,tg-c401,DEV,+ Platform Specific Error Detail:,computation,324
63617,1171450178,tg-c401,MEM,"Physical Address x, Address Mask: x, Node: x, Card: x, Module: x, Bank: x, Device: x, Row: x, Column: x,",computation,324
63618,1171450178,tg-c401,MEM,"Physical Address x, Address Mask: x, Node: x, Card: x, Module: x, Bank: x, Device: x, Row: x, Column: x,",computation,324
63619,1171450236,tg-c401,DEV,+BEGIN HARDWARE ERROR STATE AT CPE,computation,324
63620,1171450236,tg-c401,DEV,+Platform PCI Component Error Info Section,computation,324
63621,1171450236,tg-c401,DEV,"Component Info: Vendor Id =x x, Device Id =x x, Class Code =x x, Seg Bus Dev Func =x x x x x",computation,324
63622,1171450236,tg-c401,DEV,"Component Info: Vendor Id =x x, Device Id =x x, Class Code =x x, Seg Bus Dev Func =x x x x x",computation,324
63623,1171450236,tg-c401,DEV,"Component Info: Vendor Id =x x, Device Id =x x, Class Code =x x, Seg Bus Dev Func =x x x x x",computation,324
63624,1171450237,tg-c401,DEV,+END HARDWARE ERROR STATE AT CPE,computation,324
63625,1171450237,tg-c401,DEV,+Platform Specific Error Info Section,computation,324
63626,1171450237,tg-c401,DEV,"Component Info: Vendor Id =x x, Device Id =x x, Class Code =x x, Seg Bus Dev Func =x x x x x",computation,324
63627,1171450237,tg-c401,DEV,+ Platform Specific Error Detail:,computation,324
63628,1171450237,tg-c401,MEM,"Physical Address x, Address Mask: x, Node: x, Card: x, Module: x, Bank: x, Device: x, Row: x, Column: x,",computation,324
63629,1171450237,tg-c401,MEM,"Physical Address x, Address Mask: x, Node: x, Card: x, Module: x, Bank: x, Device: x, Row: x, Column: x,",computation,324
63630,1171450278,tg-c401,DEV,+BEGIN HARDWARE ERROR STATE AT CPE,computation,324
63631,1171450278,tg-c401,DEV,+Platform PCI Component Error Info Section,computation,324
63632,1171450278,tg-c401,DEV,"Component Info: Vendor Id =x x, Device Id =x x, Class Code =x x, Seg Bus Dev Func =x x x x x",computation,324
63633,1171450279,tg-c401,DEV,+Platform PCI Component Error Info Section,computation,324
63634,1171450279,tg-c401,DEV,+Platform Specific Error Info Section,computation,324
63635,1171450279,tg-c401,DEV,"Component Info: Vendor Id =x x, Device Id =x x, Class Code =x x, Seg Bus Dev Func =x x x x x",computation,324
63636,1171450279,tg-c401,DEV,"Component Info: Vendor Id =x x, Device Id =x x, Class Code =x x, Seg Bus Dev Func =x x x x x",computation,324
63637,1171450279,tg-c401,DEV,"Component Info: Vendor Id =x x, Device Id =x x, Class Code =x x, Seg Bus Dev Func =x x x x x",computation,324
63638,1171450279,tg-c401,DEV,+ Platform Specific Error Detail:,computation,324
63639,1171450279,tg-c401,MEM,"Physical Address x, Address Mask: x, Node: x, Card: x, Module: x, Bank: x, Device: x, Row: x, Column: x,",computation,324
63640,1171450279,tg-c401,MEM,"Physical Address x, Address Mask: x, Node: x, Card: x, Module: x, Bank: x, Device: x, Row: x, Column: x,",computation,324
63641,1171450287,tg-c401,DEV,+BEGIN HARDWARE ERROR STATE AT CPE,computation,324
63642,1171450287,tg-c401,DEV,+Platform PCI Component Error Info Section,computation,324
63643,1171450287,tg-c401,DEV,"Component Info: Vendor Id =x x, Device Id =x x, Class Code =x x, Seg Bus Dev Func =x x x x x",computation,324
63644,1171450288,tg-c401,DEV,+BEGIN HARDWARE ERROR STATE AT CPE,computation,324
63645,1171450288,tg-c401,DEV,+END HARDWARE ERROR STATE AT CPE,computation,324
63646,1171450288,tg-c401,DEV,+Platform PCI Component Error Info Section,computation,324
63647,1171450288,tg-c401,DEV,+Platform Specific Error Info Section,computation,324
63648,1171450288,tg-c401,DEV,"Component Info: Vendor Id =x x, Device Id =x x, Class Code =x x, Seg Bus Dev Func =x x x x x",computation,324
63649,1171450288,tg-c401,DEV,"Component Info: Vendor Id =x x, Device Id =x x, Class Code =x x, Seg Bus Dev Func =x x x x x",computation,324
63650,1171450288,tg-c401,DEV,"Component Info: Vendor Id =x x, Device Id =x x, Class Code =x x, Seg Bus Dev Func =x x x x x",computation,324
63651,1171450288,tg-c401,DEV,"Component Info: Vendor Id =x x, Device Id =x x, Class Code =x x, Seg Bus Dev Func =x x x x x",computation,324
63652,1171450288,tg-c401,DEV,"Component Info: Vendor Id =x x, Device Id =x x, Class Code =x x, Seg Bus Dev Func =x x x x x",computation,324
63653,1171450288,tg-c401,DEV,"Component Info: Vendor Id =x x, Device Id =x x, Class Code =x x, Seg Bus Dev Func =x x x x x",computation,324
63654,1171450288,tg-c401,DEV,+ Platform Specific Error Detail:,computation,324
63655,1171450288,tg-c401,MEM,"Physical Address x, Address Mask: x, Node: x, Card: x, Module: x, Bank: x, Device: x, Row: x, Column: x,",computation,324
63656,1171450288,tg-c401,MEM,"Physical Address x, Address Mask: x, Node: x, Card: x, Module: x, Bank: x, Device: x, Row: x, Column: x,",computation,324
63657,1171450289,tg-c401,DEV,+END HARDWARE ERROR STATE AT CPE,computation,324
63658,1171450289,tg-c401,DEV,+Platform Specific Error Info Section,computation,324
63659,1171450289,tg-c401,DEV,"Component Info: Vendor Id =x x, Device Id =x x, Class Code =x x, Seg Bus Dev Func =x x x x x",computation,324
63660,1171450289,tg-c401,DEV,+ Platform Specific Error Detail:,computation,324
63661,1171450289,tg-c401,MEM,"Physical Address x, Address Mask: x, Node: x, Card: x, Module: x, Bank: x, Device: x, Row: x, Column: x,",computation,324
63662,1171450289,tg-c401,MEM,"Physical Address x, Address Mask: x, Node: x, Card: x, Module: x, Bank: x, Device: x, Row: x, Column: x,",computation,324
63663,1171450291,tg-c401,DEV,+BEGIN HARDWARE ERROR STATE AT CPE,computation,324
63664,1171450291,tg-c401,DEV,+END HARDWARE ERROR STATE AT CPE,computation,324
63665,1171450291,tg-c401,DEV,+Platform PCI Component Error Info Section,computation,324
63666,1171450291,tg-c401,DEV,+Platform Specific Error Info Section,computation,324
63667,1171450291,tg-c401,DEV,"Component Info: Vendor Id =x x, Device Id =x x, Class Code =x x, Seg Bus Dev Func =x x x x x",computation,324
63668,1171450291,tg-c401,DEV,"Component Info: Vendor Id =x x, Device Id =x x, Class Code =x x, Seg Bus Dev Func =x x x x x",computation,324
63669,1171450291,tg-c401,DEV,"Component Info: Vendor Id =x x, Device Id =x x, Class Code =x x, Seg Bus Dev Func =x x x x x",computation,324
63670,1171450291,tg-c401,DEV,"Component Info: Vendor Id =x x, Device Id =x x, Class Code =x x, Seg Bus Dev Func =x x x x x",computation,324
63671,1171450291,tg-c401,DEV,+ Platform Specific Error Detail:,computation,324
63672,1171450291,tg-c401,MEM,"Physical Address x, Address Mask: x, Node: x, Card: x, Module: x, Bank: x, Device: x, Row: x, Column: x,",computation,324
63673,1171450291,tg-c401,MEM,"Physical Address x, Address Mask: x, Node: x, Card: x, Module: x, Bank: x, Device: x, Row: x, Column: x,",computation,324
63674,1171450306,tg-c401,DEV,+BEGIN HARDWARE ERROR STATE AT CPE,computation,324
63675,1171450306,tg-c401,DEV,+END HARDWARE ERROR STATE AT CPE,computation,324
63676,1171450306,tg-c401,DEV,+Platform PCI Component Error Info Section,computation,324
63677,1171450306,tg-c401,DEV,+Platform Specific Error Info Section,computation,324
63678,1171450306,tg-c401,DEV,"Component Info: Vendor Id =x x, Device Id =x x, Class Code =x x, Seg Bus Dev Func =x x x x x",computation,324
63679,1171450306,tg-c401,DEV,"Component Info: Vendor Id =x x, Device Id =x x, Class Code =x x, Seg Bus Dev Func =x x x x x",computation,324
63680,1171450306,tg-c401,DEV,"Component Info: Vendor Id =x x, Device Id =x x, Class Code =x x, Seg Bus Dev Func =x x x x x",computation,324
63681,1171450306,tg-c401,DEV,"Component Info: Vendor Id =x x, Device Id =x x, Class Code =x x, Seg Bus Dev Func =x x x x x",computation,324
63682,1171450306,tg-c401,DEV,+ Platform Specific Error Detail:,computation,324
63683,1171450306,tg-c401,MEM,"Physical Address x, Address Mask: x, Node: x, Card: x, Module: x, Bank: x, Device: x, Row: x, Column: x,",computation,324
63684,1171450306,tg-c401,MEM,"Physical Address x, Address Mask: x, Node: x, Card: x, Module: x, Bank: x, Device: x, Row: x, Column: x,",computation,324
63685,1171450307,tg-c401,DEV,+BEGIN HARDWARE ERROR STATE AT CPE,computation,324
63686,1171450307,tg-c401,DEV,+Platform PCI Component Error Info Section,computation,324
63687,1171450307,tg-c401,DEV,"Component Info: Vendor Id =x x, Device Id =x x, Class Code =x x, Seg Bus Dev Func =x x x x x",computation,324
63688,1171450307,tg-c401,DEV,"Component Info: Vendor Id =x x, Device Id =x x, Class Code =x x, Seg Bus Dev Func =x x x x x",computation,324
63689,1171450307,tg-c401,DEV,"Component Info: Vendor Id =x x, Device Id =x x, Class Code =x x, Seg Bus Dev Func =x x x x x",computation,324
63690,1171450307,tg-c401,DEV,"Component Info: Vendor Id =x x, Device Id =x x, Class Code =x x, Seg Bus Dev Func =x x x x x",computation,324
63691,1171450308,tg-c401,DEV,+ Platform Specific Error Detail:,computation,324
63692,1171450308,tg-c401,MEM,"Physical Address x, Address Mask: x, Node: x, Card: x, Module: x, Bank: x, Device: x, Row: x, Column: x,",computation,324
63693,1171450308,tg-c401,MEM,"Physical Address x, Address Mask: x, Node: x, Card: x, Module: x, Bank: x, Device: x, Row: x, Column: x,",computation,324
63694,1171450323,tg-c401,DEV,+BEGIN HARDWARE ERROR STATE AT CPE,computation,324
63695,1171450323,tg-c401,DEV,+Platform PCI Component Error Info Section,computation,324
63696,1171450323,tg-c401,DEV,"Component Info: Vendor Id =x x, Device Id =x x, Class Code =x x, Seg Bus Dev Func =x x x x x",computation,324
63697,1171450323,tg-c401,DEV,"Component Info: Vendor Id =x x, Device Id =x x, Class Code =x x, Seg Bus Dev Func =x x x x x",computation,324
63698,1171450324,tg-c401,DEV,+Platform Specific Error Info Section,computation,324
63699,1171450324,tg-c401,DEV,"Component Info: Vendor Id =x x, Device Id =x x, Class Code =x x, Seg Bus Dev Func =x x x x x",computation,324
63700,1171450324,tg-c401,DEV,"Component Info: Vendor Id =x x, Device Id =x x, Class Code =x x, Seg Bus Dev Func =x x x x x",computation,324
63701,1171450324,tg-c401,DEV,+ Platform Specific Error Detail:,computation,324
63702,1171450324,tg-c401,MEM,"Physical Address x, Address Mask: x, Node: x, Card: x, Module: x, Bank: x, Device: x, Row: x, Column: x,",computation,324
63703,1171450324,tg-c401,MEM,"Physical Address x, Address Mask: x, Node: x, Card: x, Module: x, Bank: x, Device: x, Row: x, Column: x,",computation,324
63704,1171450334,tg-c401,DEV,+BEGIN HARDWARE ERROR STATE AT CPE,computation,324
63705,1171450334,tg-c401,DEV,+Platform PCI Component Error Info Section,computation,324
63706,1171450334,tg-c401,DEV,+Platform Specific Error Info Section,computation,324
63707,1171450334,tg-c401,DEV,"Component Info: Vendor Id =x x, Device Id =x x, Class Code =x x, Seg Bus Dev Func =x x x x x",computation,324
63708,1171450334,tg-c401,DEV,"Component Info: Vendor Id =x x, Device Id =x x, Class Code =x x, Seg Bus Dev Func =x x x x x",computation,324
63709,1171450334,tg-c401,DEV,"Component Info: Vendor Id =x x, Device Id =x x, Class Code =x x, Seg Bus Dev Func =x x x x x",computation,324
63710,1171450334,tg-c401,DEV,"Component Info: Vendor Id =x x, Device Id =x x, Class Code =x x, Seg Bus Dev Func =x x x x x",computation,324
63711,1171450334,tg-c401,DEV,+ Platform Specific Error Detail:,computation,324
63712,1171450334,tg-c401,MEM,"Physical Address x, Address Mask: x, Node: x, Card: x, Module: x, Bank: x, Device: x, Row: x, Column: x,",computation,324
63713,1171450334,tg-c401,MEM,"Physical Address x, Address Mask: x, Node: x, Card: x, Module: x, Bank: x, Device: x, Row: x, Column: x,",computation,324
63714,1171450338,tg-c401,DEV,+BEGIN HARDWARE ERROR STATE AT CPE,computation,324
63715,1171450338,tg-c401,DEV,+Platform PCI Component Error Info Section,computation,324
63716,1171450338,tg-c401,DEV,+Platform Specific Error Info Section,computation,324
63717,1171450338,tg-c401,DEV,"Component Info: Vendor Id =x x, Device Id =x x, Class Code =x x, Seg Bus Dev Func =x x x x x",computation,324
63718,1171450338,tg-c401,DEV,"Component Info: Vendor Id =x x, Device Id =x x, Class Code =x x, Seg Bus Dev Func =x x x x x",computation,324
63719,1171450338,tg-c401,DEV,"Component Info: Vendor Id =x x, Device Id =x x, Class Code =x x, Seg Bus Dev Func =x x x x x",computation,324
63720,1171450338,tg-c401,DEV,"Component Info: Vendor Id =x x, Device Id =x x, Class Code =x x, Seg Bus Dev Func =x x x x x",computation,324
63721,1171450338,tg-c401,DEV,+ Platform Specific Error Detail:,computation,324
63722,1171450338,tg-c401,MEM,"Physical Address x, Address Mask: x, Node: x, Card: x, Module: x, Bank: x, Device: x, Row: x, Column: x,",computation,324
63723,1171450338,tg-c401,MEM,"Physical Address x, Address Mask: x, Node: x, Card: x, Module: x, Bank: x, Device: x, Row: x, Column: x,",computation,324
63724,1171450339,tg-c401,DEV,+BEGIN HARDWARE ERROR STATE AT CPE,computation,324
63725,1171450339,tg-c401,DEV,+END HARDWARE ERROR STATE AT CPE,computation,324
63726,1171450339,tg-c401,DEV,+Platform PCI Component Error Info Section,computation,324
63727,1171450339,tg-c401,DEV,"Component Info: Vendor Id =x x, Device Id =x x, Class Code =x x, Seg Bus Dev Func =x x x x x",computation,324
63728,1171450339,tg-c401,DEV,"Component Info: Vendor Id =x x, Device Id =x x, Class Code =x x, Seg Bus Dev Func =x x x x x",computation,324
63729,1171450339,tg-c401,DEV,"Component Info: Vendor Id =x x, Device Id =x x, Class Code =x x, Seg Bus Dev Func =x x x x x",computation,324
63730,1171450340,tg-c401,DEV,+END HARDWARE ERROR STATE AT CPE,computation,324
63731,1171450340,tg-c401,DEV,+Platform Specific Error Info Section,computation,324
63732,1171450340,tg-c401,DEV,"Component Info: Vendor Id =x x, Device Id =x x, Class Code =x x, Seg Bus Dev Func =x x x x x",computation,324
63733,1171450340,tg-c401,DEV,+ Platform Specific Error Detail:,computation,324
63734,1171450340,tg-c401,MEM,"Physical Address x, Address Mask: x, Node: x, Card: x, Module: x, Bank: x, Device: x, Row: x, Column: x,",computation,324
63735,1171450340,tg-c401,MEM,"Physical Address x, Address Mask: x, Node: x, Card: x, Module: x, Bank: x, Device: x, Row: x, Column: x,",computation,324
63736,1171450359,tg-c401,DEV,+BEGIN HARDWARE ERROR STATE AT CPE,computation,324
63737,1171450359,tg-c401,DEV,+Platform PCI Component Error Info Section,computation,324
63738,1171450359,tg-c401,DEV,"Component Info: Vendor Id =x x, Device Id =x x, Class Code =x x, Seg Bus Dev Func =x x x x x",computation,324
63739,1171450360,tg-c401,DEV,+Platform PCI Component Error Info Section,computation,324
63740,1171450360,tg-c401,DEV,"Component Info: Vendor Id =x x, Device Id =x x, Class Code =x x, Seg Bus Dev Func =x x x x x",computation,324
63741,1171450360,tg-c401,DEV,"Component Info: Vendor Id =x x, Device Id =x x, Class Code =x x, Seg Bus Dev Func =x x x x x",computation,324
63742,1171450360,tg-c401,DEV,"Component Info: Vendor Id =x x, Device Id =x x, Class Code =x x, Seg Bus Dev Func =x x x x x",computation,324
63743,1171450360,tg-c401,DEV,+ Platform Specific Error Detail:,computation,324
63744,1171450360,tg-c401,MEM,"Physical Address x, Address Mask: x, Node: x, Card: x, Module: x, Bank: x, Device: x, Row: x, Column: x,",computation,324
63745,1171450360,tg-c401,MEM,"Physical Address x, Address Mask: x, Node: x, Card: x, Module: x, Bank: x, Device: x, Row: x, Column: x,",computation,324
63746,1171450365,tg-c401,DEV,+BEGIN HARDWARE ERROR STATE AT CPE,computation,324
63747,1171450365,tg-c401,DEV,+Platform PCI Component Error Info Section,computation,324
63748,1171450365,tg-c401,DEV,+Platform Specific Error Info Section,computation,324
63749,1171450365,tg-c401,DEV,"Component Info: Vendor Id =x x, Device Id =x x, Class Code =x x, Seg Bus Dev Func =x x x x x",computation,324
63750,1171450365,tg-c401,DEV,"Component Info: Vendor Id =x x, Device Id =x x, Class Code =x x, Seg Bus Dev Func =x x x x x",computation,324
63751,1171450365,tg-c401,DEV,"Component Info: Vendor Id =x x, Device Id =x x, Class Code =x x, Seg Bus Dev Func =x x x x x",computation,324
63752,1171450365,tg-c401,DEV,"Component Info: Vendor Id =x x, Device Id =x x, Class Code =x x, Seg Bus Dev Func =x x x x x",computation,324
63753,1171450365,tg-c401,DEV,+ Platform Specific Error Detail:,computation,324
63754,1171450365,tg-c401,MEM,"Physical Address x, Address Mask: x, Node: x, Card: x, Module: x, Bank: x, Device: x, Row: x, Column: x,",computation,324
63755,1171450365,tg-c401,MEM,"Physical Address x, Address Mask: x, Node: x, Card: x, Module: x, Bank: x, Device: x, Row: x, Column: x,",computation,324
63756,1171450366,tg-c401,DEV,+BEGIN HARDWARE ERROR STATE AT CPE,computation,324
63757,1171450366,tg-c401,DEV,+END HARDWARE ERROR STATE AT CPE,computation,324
63758,1171450366,tg-c401,DEV,+Platform PCI Component Error Info Section,computation,324
63759,1171450366,tg-c401,DEV,+Platform Specific Error Info Section,computation,324
63760,1171450366,tg-c401,DEV,"Component Info: Vendor Id =x x, Device Id =x x, Class Code =x x, Seg Bus Dev Func =x x x x x",computation,324
63761,1171450366,tg-c401,DEV,"Component Info: Vendor Id =x x, Device Id =x x, Class Code =x x, Seg Bus Dev Func =x x x x x",computation,324
63762,1171450366,tg-c401,DEV,"Component Info: Vendor Id =x x, Device Id =x x, Class Code =x x, Seg Bus Dev Func =x x x x x",computation,324
63763,1171450366,tg-c401,DEV,"Component Info: Vendor Id =x x, Device Id =x x, Class Code =x x, Seg Bus Dev Func =x x x x x",computation,324
63764,1171450366,tg-c401,DEV,+ Platform Specific Error Detail:,computation,324
63765,1171450366,tg-c401,MEM,"Physical Address x, Address Mask: x, Node: x, Card: x, Module: x, Bank: x, Device: x, Row: x, Column: x,",computation,324
63766,1171450366,tg-c401,MEM,"Physical Address x, Address Mask: x, Node: x, Card: x, Module: x, Bank: x, Device: x, Row: x, Column: x,",computation,324
63767,1171450377,tg-c401,DEV,+BEGIN HARDWARE ERROR STATE AT CPE,computation,324
63768,1171450377,tg-c401,DEV,+Platform PCI Component Error Info Section,computation,324
63769,1171450377,tg-c401,DEV,"Component Info: Vendor Id =x x, Device Id =x x, Class Code =x x, Seg Bus Dev Func =x x x x x",computation,324
63770,1171450377,tg-c401,DEV,"Component Info: Vendor Id =x x, Device Id =x x, Class Code =x x, Seg Bus Dev Func =x x x x x",computation,324
63771,1171450377,tg-c401,DEV,"Component Info: Vendor Id =x x, Device Id =x x, Class Code =x x, Seg Bus Dev Func =x x x x x",computation,324
63772,1171450378,tg-c401,DEV,+END HARDWARE ERROR STATE AT CPE,computation,324
63773,1171450378,tg-c401,DEV,+Platform Specific Error Info Section,computation,324
63774,1171450378,tg-c401,DEV,"Component Info: Vendor Id =x x, Device Id =x x, Class Code =x x, Seg Bus Dev Func =x x x x x",computation,324
63775,1171450378,tg-c401,DEV,+ Platform Specific Error Detail:,computation,324
63776,1171450378,tg-c401,MEM,"Physical Address x, Address Mask: x, Node: x, Card: x, Module: x, Bank: x, Device: x, Row: x, Column: x,",computation,324
63777,1171450378,tg-c401,MEM,"Physical Address x, Address Mask: x, Node: x, Card: x, Module: x, Bank: x, Device: x, Row: x, Column: x,",computation,324
63778,1171450390,tg-c401,DEV,+BEGIN HARDWARE ERROR STATE AT CPE,computation,324
63779,1171450390,tg-c401,DEV,+Platform PCI Component Error Info Section,computation,324
63780,1171450390,tg-c401,DEV,"Component Info: Vendor Id =x x, Device Id =x x, Class Code =x x, Seg Bus Dev Func =x x x x x",computation,324
63781,1171450390,tg-c401,DEV,"Component Info: Vendor Id =x x, Device Id =x x, Class Code =x x, Seg Bus Dev Func =x x x x x",computation,324
63782,1171450391,tg-c401,DEV,"Component Info: Vendor Id =x x, Device Id =x x, Class Code =x x, Seg Bus Dev Func =x x x x x",computation,324
63783,1171450391,tg-c401,DEV,"Component Info: Vendor Id =x x, Device Id =x x, Class Code =x x, Seg Bus Dev Func =x x x x x",computation,324
63784,1171450391,tg-c401,DEV,+ Platform Specific Error Detail:,computation,324
63785,1171450391,tg-c401,MEM,"Physical Address x, Address Mask: x, Node: x, Card: x, Module: x, Bank: x, Device: x, Row: x, Column: x,",computation,324
63786,1171450391,tg-c401,MEM,"Physical Address x, Address Mask: x, Node: x, Card: x, Module: x, Bank: x, Device: x, Row: x, Column: x,",computation,324
63787,1171450405,tg-c401,DEV,+BEGIN HARDWARE ERROR STATE AT CPE,computation,324
63788,1171450405,tg-c401,DEV,+END HARDWARE ERROR STATE AT CPE,computation,324
63789,1171450405,tg-c401,DEV,+Platform PCI Component Error Info Section,computation,324
63790,1171450405,tg-c401,DEV,+Platform Specific Error Info Section,computation,324
63791,1171450405,tg-c401,DEV,"Component Info: Vendor Id =x x, Device Id =x x, Class Code =x x, Seg Bus Dev Func =x x x x x",computation,324
63792,1171450405,tg-c401,DEV,"Component Info: Vendor Id =x x, Device Id =x x, Class Code =x x, Seg Bus Dev Func =x x x x x",computation,324
63793,1171450405,tg-c401,DEV,"Component Info: Vendor Id =x x, Device Id =x x, Class Code =x x, Seg Bus Dev Func =x x x x x",computation,324
63794,1171450405,tg-c401,DEV,+ Platform Specific Error Detail:,computation,324
63795,1171450405,tg-c401,MEM,"Physical Address x, Address Mask: x, Node: x, Card: x, Module: x, Bank: x, Device: x, Row: x, Column: x,",computation,324
63796,1171450405,tg-c401,MEM,"Physical Address x, Address Mask: x, Node: x, Card: x, Module: x, Bank: x, Device: x, Row: x, Column: x,",computation,324
63797,1171450436,tg-c401,DEV,+BEGIN HARDWARE ERROR STATE AT CPE,computation,324
63798,1171450436,tg-c401,DEV,+Platform PCI Component Error Info Section,computation,324
63799,1171450436,tg-c401,DEV,"Component Info: Vendor Id =x x, Device Id =x x, Class Code =x x, Seg Bus Dev Func =x x x x x",computation,324
63800,1171450437,tg-c401,DEV,+BEGIN HARDWARE ERROR STATE AT CPE,computation,324
63801,1171450437,tg-c401,DEV,+Platform PCI Component Error Info Section,computation,324
63802,1171450437,tg-c401,DEV,+Platform Specific Error Info Section,computation,324
63803,1171450437,tg-c401,DEV,"Component Info: Vendor Id =x x, Device Id =x x, Class Code =x x, Seg Bus Dev Func =x x x x x",computation,324
63804,1171450437,tg-c401,DEV,"Component Info: Vendor Id =x x, Device Id =x x, Class Code =x x, Seg Bus Dev Func =x x x x x",computation,324
63805,1171450437,tg-c401,DEV,"Component Info: Vendor Id =x x, Device Id =x x, Class Code =x x, Seg Bus Dev Func =x x x x x",computation,324
63806,1171450437,tg-c401,DEV,"Component Info: Vendor Id =x x, Device Id =x x, Class Code =x x, Seg Bus Dev Func =x x x x x",computation,324
63807,1171450437,tg-c401,DEV,"Component Info: Vendor Id =x x, Device Id =x x, Class Code =x x, Seg Bus Dev Func =x x x x x",computation,324
63808,1171450437,tg-c401,DEV,+ Platform Specific Error Detail:,computation,324
63809,1171450437,tg-c401,MEM,"Physical Address x, Address Mask: x, Node: x, Card: x, Module: x, Bank: x, Device: x, Row: x, Column: x,",computation,324
63810,1171450437,tg-c401,MEM,"Physical Address x, Address Mask: x, Node: x, Card: x, Module: x, Bank: x, Device: x, Row: x, Column: x,",computation,324
63811,1171450438,tg-c401,DEV,+Platform Specific Error Info Section,computation,324
63812,1171450438,tg-c401,DEV,+ Platform Specific Error Detail:,computation,324
63813,1171450438,tg-c401,MEM,"Physical Address x, Address Mask: x, Node: x, Card: x, Module: x, Bank: x, Device: x, Row: x, Column: x,",computation,324
63814,1171450438,tg-c401,MEM,"Physical Address x, Address Mask: x, Node: x, Card: x, Module: x, Bank: x, Device: x, Row: x, Column: x,",computation,324
63815,1171450442,tg-c401,DEV,+BEGIN HARDWARE ERROR STATE AT CPE,computation,324
63816,1171450442,tg-c401,DEV,+Platform PCI Component Error Info Section,computation,324
63817,1171450442,tg-c401,DEV,"Component Info: Vendor Id =x x, Device Id =x x, Class Code =x x, Seg Bus Dev Func =x x x x x",computation,324
63818,1171450442,tg-c401,DEV,"Component Info: Vendor Id =x x, Device Id =x x, Class Code =x x, Seg Bus Dev Func =x x x x x",computation,324
63819,1171450442,tg-c401,DEV,"Component Info: Vendor Id =x x, Device Id =x x, Class Code =x x, Seg Bus Dev Func =x x x x x",computation,324
63820,1171450443,tg-c401,DEV,+Platform PCI Component Error Info Section,computation,324
63821,1171450443,tg-c401,DEV,"Component Info: Vendor Id =x x, Device Id =x x, Class Code =x x, Seg Bus Dev Func =x x x x x",computation,324
63822,1171450443,tg-c401,DEV,+ Platform Specific Error Detail:,computation,324
63823,1171450443,tg-c401,MEM,"Physical Address x, Address Mask: x, Node: x, Card: x, Module: x, Bank: x, Device: x, Row: x, Column: x,",computation,324
63824,1171450443,tg-c401,MEM,"Physical Address x, Address Mask: x, Node: x, Card: x, Module: x, Bank: x, Device: x, Row: x, Column: x,",computation,324
63825,1171450448,tg-c401,DEV,+BEGIN HARDWARE ERROR STATE AT CPE,computation,324
63826,1171450448,tg-c401,DEV,+Platform PCI Component Error Info Section,computation,324
63827,1171450448,tg-c401,DEV,+Platform Specific Error Info Section,computation,324
63828,1171450448,tg-c401,DEV,"Component Info: Vendor Id =x x, Device Id =x x, Class Code =x x, Seg Bus Dev Func =x x x x x",computation,324
63829,1171450448,tg-c401,DEV,"Component Info: Vendor Id =x x, Device Id =x x, Class Code =x x, Seg Bus Dev Func =x x x x x",computation,324
63830,1171450448,tg-c401,DEV,"Component Info: Vendor Id =x x, Device Id =x x, Class Code =x x, Seg Bus Dev Func =x x x x x",computation,324
63831,1171450448,tg-c401,DEV,"Component Info: Vendor Id =x x, Device Id =x x, Class Code =x x, Seg Bus Dev Func =x x x x x",computation,324
63832,1171450448,tg-c401,DEV,+ Platform Specific Error Detail:,computation,324
63833,1171450448,tg-c401,MEM,"Physical Address x, Address Mask: x, Node: x, Card: x, Module: x, Bank: x, Device: x, Row: x, Column: x,",computation,324
63834,1171450448,tg-c401,MEM,"Physical Address x, Address Mask: x, Node: x, Card: x, Module: x, Bank: x, Device: x, Row: x, Column: x,",computation,324
63835,1171450451,tg-c401,DEV,+BEGIN HARDWARE ERROR STATE AT CPE,computation,324
63836,1171450451,tg-c401,DEV,+Platform PCI Component Error Info Section,computation,324
63837,1171450451,tg-c401,DEV,"Component Info: Vendor Id =x x, Device Id =x x, Class Code =x x, Seg Bus Dev Func =x x x x x",computation,324
63838,1171450451,tg-c401,DEV,"Component Info: Vendor Id =x x, Device Id =x x, Class Code =x x, Seg Bus Dev Func =x x x x x",computation,324
63839,1171450451,tg-c401,DEV,"Component Info: Vendor Id =x x, Device Id =x x, Class Code =x x, Seg Bus Dev Func =x x x x x",computation,324
63840,1171450452,tg-c401,DEV,+END HARDWARE ERROR STATE AT CPE,computation,324
63841,1171450452,tg-c401,DEV,+Platform PCI Component Error Info Section,computation,324
63842,1171450452,tg-c401,DEV,+Platform Specific Error Info Section,computation,324
63843,1171450452,tg-c401,DEV,"Component Info: Vendor Id =x x, Device Id =x x, Class Code =x x, Seg Bus Dev Func =x x x x x",computation,324
63844,1171450452,tg-c401,DEV,+ Platform Specific Error Detail:,computation,324
63845,1171450452,tg-c401,MEM,"Physical Address x, Address Mask: x, Node: x, Card: x, Module: x, Bank: x, Device: x, Row: x, Column: x,",computation,324
63846,1171450452,tg-c401,MEM,"Physical Address x, Address Mask: x, Node: x, Card: x, Module: x, Bank: x, Device: x, Row: x, Column: x,",computation,324
63847,1171450454,tg-c401,DEV,+BEGIN HARDWARE ERROR STATE AT CPE,computation,324
63848,1171450454,tg-c401,DEV,+Platform PCI Component Error Info Section,computation,324
63849,1171450454,tg-c401,DEV,"Component Info: Vendor Id =x x, Device Id =x x, Class Code =x x, Seg Bus Dev Func =x x x x x",computation,324
63850,1171450454,tg-c401,DEV,"Component Info: Vendor Id =x x, Device Id =x x, Class Code =x x, Seg Bus Dev Func =x x x x x",computation,324
63851,1171450455,tg-c401,DEV,+END HARDWARE ERROR STATE AT CPE,computation,324
63852,1171450455,tg-c401,DEV,+Platform Specific Error Info Section,computation,324
63853,1171450455,tg-c401,DEV,"Component Info: Vendor Id =x x, Device Id =x x, Class Code =x x, Seg Bus Dev Func =x x x x x",computation,324
63854,1171450455,tg-c401,DEV,"Component Info: Vendor Id =x x, Device Id =x x, Class Code =x x, Seg Bus Dev Func =x x x x x",computation,324
63855,1171450455,tg-c401,DEV,+ Platform Specific Error Detail:,computation,324
63856,1171450455,tg-c401,MEM,"Physical Address x, Address Mask: x, Node: x, Card: x, Module: x, Bank: x, Device: x, Row: x, Column: x,",computation,324
63857,1171450455,tg-c401,MEM,"Physical Address x, Address Mask: x, Node: x, Card: x, Module: x, Bank: x, Device: x, Row: x, Column: x,",computation,324
63858,1171450457,tg-c401,DEV,+BEGIN HARDWARE ERROR STATE AT CPE,computation,324
63859,1171450457,tg-c401,DEV,+END HARDWARE ERROR STATE AT CPE,computation,324
63860,1171450457,tg-c401,DEV,+Platform PCI Component Error Info Section,computation,324
63861,1171450457,tg-c401,DEV,+Platform Specific Error Info Section,computation,324
63862,1171450457,tg-c401,DEV,"Component Info: Vendor Id =x x, Device Id =x x, Class Code =x x, Seg Bus Dev Func =x x x x x",computation,324
63863,1171450457,tg-c401,DEV,"Component Info: Vendor Id =x x, Device Id =x x, Class Code =x x, Seg Bus Dev Func =x x x x x",computation,324
63864,1171450457,tg-c401,DEV,"Component Info: Vendor Id =x x, Device Id =x x, Class Code =x x, Seg Bus Dev Func =x x x x x",computation,324
63865,1171450457,tg-c401,DEV,"Component Info: Vendor Id =x x, Device Id =x x, Class Code =x x, Seg Bus Dev Func =x x x x x",computation,324
63866,1171450457,tg-c401,DEV,+ Platform Specific Error Detail:,computation,324
63867,1171450457,tg-c401,MEM,"Physical Address x, Address Mask: x, Node: x, Card: x, Module: x, Bank: x, Device: x, Row: x, Column: x,",computation,324
63868,1171450457,tg-c401,MEM,"Physical Address x, Address Mask: x, Node: x, Card: x, Module: x, Bank: x, Device: x, Row: x, Column: x,",computation,324
63869,1171450458,tg-c401,DEV,+BEGIN HARDWARE ERROR STATE AT CPE,computation,324
63870,1171450458,tg-c401,DEV,+END HARDWARE ERROR STATE AT CPE,computation,324
63871,1171450458,tg-c401,DEV,+Platform PCI Component Error Info Section,computation,324
63872,1171450458,tg-c401,DEV,+Platform Specific Error Info Section,computation,324
63873,1171450458,tg-c401,DEV,"Component Info: Vendor Id =x x, Device Id =x x, Class Code =x x, Seg Bus Dev Func =x x x x x",computation,324
63874,1171450458,tg-c401,DEV,"Component Info: Vendor Id =x x, Device Id =x x, Class Code =x x, Seg Bus Dev Func =x x x x x",computation,324
63875,1171450458,tg-c401,DEV,"Component Info: Vendor Id =x x, Device Id =x x, Class Code =x x, Seg Bus Dev Func =x x x x x",computation,324
63876,1171450458,tg-c401,DEV,"Component Info: Vendor Id =x x, Device Id =x x, Class Code =x x, Seg Bus Dev Func =x x x x x",computation,324
63877,1171450458,tg-c401,DEV,+ Platform Specific Error Detail:,computation,324
63878,1171450458,tg-c401,MEM,"Physical Address x, Address Mask: x, Node: x, Card: x, Module: x, Bank: x, Device: x, Row: x, Column: x,",computation,324
63879,1171450458,tg-c401,MEM,"Physical Address x, Address Mask: x, Node: x, Card: x, Module: x, Bank: x, Device: x, Row: x, Column: x,",computation,324
63880,1171450487,tg-c401,DEV,+BEGIN HARDWARE ERROR STATE AT CPE,computation,324
63881,1171450487,tg-c401,DEV,+Platform PCI Component Error Info Section,computation,324
63882,1171450488,tg-c401,DEV,+Platform PCI Component Error Info Section,computation,324
63883,1171450488,tg-c401,DEV,+Platform Specific Error Info Section,computation,324
63884,1171450488,tg-c401,DEV,"Component Info: Vendor Id =x x, Device Id =x x, Class Code =x x, Seg Bus Dev Func =x x x x x",computation,324
63885,1171450488,tg-c401,DEV,"Component Info: Vendor Id =x x, Device Id =x x, Class Code =x x, Seg Bus Dev Func =x x x x x",computation,324
63886,1171450488,tg-c401,DEV,"Component Info: Vendor Id =x x, Device Id =x x, Class Code =x x, Seg Bus Dev Func =x x x x x",computation,324
63887,1171450488,tg-c401,DEV,"Component Info: Vendor Id =x x, Device Id =x x, Class Code =x x, Seg Bus Dev Func =x x x x x",computation,324
63888,1171450488,tg-c401,DEV,+ Platform Specific Error Detail:,computation,324
63889,1171450488,tg-c401,MEM,"Physical Address x, Address Mask: x, Node: x, Card: x, Module: x, Bank: x, Device: x, Row: x, Column: x,",computation,324
63890,1171450488,tg-c401,MEM,"Physical Address x, Address Mask: x, Node: x, Card: x, Module: x, Bank: x, Device: x, Row: x, Column: x,",computation,324
63891,1171450493,tg-c401,DEV,+BEGIN HARDWARE ERROR STATE AT CPE,computation,324
63892,1171450493,tg-c401,DEV,+Platform PCI Component Error Info Section,computation,324
63893,1171450493,tg-c401,DEV,"Component Info: Vendor Id =x x, Device Id =x x, Class Code =x x, Seg Bus Dev Func =x x x x x",computation,324
63894,1171450493,tg-c401,DEV,"Component Info: Vendor Id =x x, Device Id =x x, Class Code =x x, Seg Bus Dev Func =x x x x x",computation,324
63895,1171450494,tg-c401,DEV,+END HARDWARE ERROR STATE AT CPE,computation,324
63896,1171450494,tg-c401,DEV,+Platform PCI Component Error Info Section,computation,324
63897,1171450494,tg-c401,DEV,+Platform Specific Error Info Section,computation,324
63898,1171450494,tg-c401,DEV,"Component Info: Vendor Id =x x, Device Id =x x, Class Code =x x, Seg Bus Dev Func =x x x x x",computation,324
63899,1171450494,tg-c401,DEV,"Component Info: Vendor Id =x x, Device Id =x x, Class Code =x x, Seg Bus Dev Func =x x x x x",computation,324
63900,1171450494,tg-c401,MEM,"Physical Address x, Address Mask: x, Node: x, Card: x, Module: x, Bank: x, Device: x, Row: x, Column: x,",computation,324
63901,1171450494,tg-c401,MEM,"Physical Address x, Address Mask: x, Node: x, Card: x, Module: x, Bank: x, Device: x, Row: x, Column: x,",computation,324
63902,1171450514,tg-c401,DEV,+BEGIN HARDWARE ERROR STATE AT CPE,computation,324
63903,1171450514,tg-c401,DEV,+Platform PCI Component Error Info Section,computation,324
63904,1171450514,tg-c401,DEV,"Component Info: Vendor Id =x x, Device Id =x x, Class Code =x x, Seg Bus Dev Func =x x x x x",computation,324
63905,1171450514,tg-c401,DEV,"Component Info: Vendor Id =x x, Device Id =x x, Class Code =x x, Seg Bus Dev Func =x x x x x",computation,324
63906,1171450514,tg-c401,DEV,"Component Info: Vendor Id =x x, Device Id =x x, Class Code =x x, Seg Bus Dev Func =x x x x x",computation,324
63907,1171450515,tg-c401,DEV,+END HARDWARE ERROR STATE AT CPE,computation,324
63908,1171450515,tg-c401,DEV,+Platform Specific Error Info Section,computation,324
63909,1171450515,tg-c401,DEV,"Component Info: Vendor Id =x x, Device Id =x x, Class Code =x x, Seg Bus Dev Func =x x x x x",computation,324
63910,1171450515,tg-c401,DEV,+ Platform Specific Error Detail:,computation,324
63911,1171450515,tg-c401,MEM,"Physical Address x, Address Mask: x, Node: x, Card: x, Module: x, Bank: x, Device: x, Row: x, Column: x,",computation,324
63912,1171450515,tg-c401,MEM,"Physical Address x, Address Mask: x, Node: x, Card: x, Module: x, Bank: x, Device: x, Row: x, Column: x,",computation,324
63913,1171450567,tg-c401,DEV,+BEGIN HARDWARE ERROR STATE AT CPE,computation,324
63914,1171450567,tg-c401,DEV,+Platform PCI Component Error Info Section,computation,324
63915,1171450567,tg-c401,DEV,"Component Info: Vendor Id =x x, Device Id =x x, Class Code =x x, Seg Bus Dev Func =x x x x x",computation,324
63916,1171450567,tg-c401,DEV,"Component Info: Vendor Id =x x, Device Id =x x, Class Code =x x, Seg Bus Dev Func =x x x x x",computation,324
63917,1171450568,tg-c401,DEV,+END HARDWARE ERROR STATE AT CPE,computation,324
63918,1171450568,tg-c401,DEV,+Platform Specific Error Info Section,computation,324
63919,1171450568,tg-c401,DEV,"Component Info: Vendor Id =x x, Device Id =x x, Class Code =x x, Seg Bus Dev Func =x x x x x",computation,324
63920,1171450568,tg-c401,DEV,"Component Info: Vendor Id =x x, Device Id =x x, Class Code =x x, Seg Bus Dev Func =x x x x x",computation,324
63921,1171450568,tg-c401,DEV,+ Platform Specific Error Detail:,computation,324
63922,1171450568,tg-c401,MEM,"Physical Address x, Address Mask: x, Node: x, Card: x, Module: x, Bank: x, Device: x, Row: x, Column: x,",computation,324
63923,1171450568,tg-c401,MEM,"Physical Address x, Address Mask: x, Node: x, Card: x, Module: x, Bank: x, Device: x, Row: x, Column: x,",computation,324
63924,1171450584,tg-c401,DEV,+BEGIN HARDWARE ERROR STATE AT CPE,computation,324
63925,1171450584,tg-c401,DEV,+Platform PCI Component Error Info Section,computation,324
63926,1171450584,tg-c401,DEV,"Component Info: Vendor Id =x x, Device Id =x x, Class Code =x x, Seg Bus Dev Func =x x x x x",computation,324
63927,1171450584,tg-c401,DEV,"Component Info: Vendor Id =x x, Device Id =x x, Class Code =x x, Seg Bus Dev Func =x x x x x",computation,324
63928,1171450584,tg-c401,DEV,"Component Info: Vendor Id =x x, Device Id =x x, Class Code =x x, Seg Bus Dev Func =x x x x x",computation,324
63929,1171450585,tg-c401,DEV,"Component Info: Vendor Id =x x, Device Id =x x, Class Code =x x, Seg Bus Dev Func =x x x x x",computation,324
63930,1171450585,tg-c401,MEM,"Physical Address x, Address Mask: x, Node: x, Card: x, Module: x, Bank: x, Device: x, Row: x, Column: x,",computation,324
63931,1171450585,tg-c401,MEM,"Physical Address x, Address Mask: x, Node: x, Card: x, Module: x, Bank: x, Device: x, Row: x, Column: x,",computation,324
63932,1171450589,tg-c401,DEV,+BEGIN HARDWARE ERROR STATE AT CPE,computation,324
63933,1171450589,tg-c401,DEV,+END HARDWARE ERROR STATE AT CPE,computation,324
63934,1171450589,tg-c401,DEV,+Platform PCI Component Error Info Section,computation,324
63935,1171450589,tg-c401,DEV,+Platform Specific Error Info Section,computation,324
63936,1171450589,tg-c401,DEV,"Component Info: Vendor Id =x x, Device Id =x x, Class Code =x x, Seg Bus Dev Func =x x x x x",computation,324
63937,1171450589,tg-c401,DEV,"Component Info: Vendor Id =x x, Device Id =x x, Class Code =x x, Seg Bus Dev Func =x x x x x",computation,324
63938,1171450589,tg-c401,DEV,"Component Info: Vendor Id =x x, Device Id =x x, Class Code =x x, Seg Bus Dev Func =x x x x x",computation,324
63939,1171450589,tg-c401,DEV,"Component Info: Vendor Id =x x, Device Id =x x, Class Code =x x, Seg Bus Dev Func =x x x x x",computation,324
63940,1171450589,tg-c401,DEV,+ Platform Specific Error Detail:,computation,324
63941,1171450589,tg-c401,MEM,"Physical Address x, Address Mask: x, Node: x, Card: x, Module: x, Bank: x, Device: x, Row: x, Column: x,",computation,324
63942,1171450589,tg-c401,MEM,"Physical Address x, Address Mask: x, Node: x, Card: x, Module: x, Bank: x, Device: x, Row: x, Column: x,",computation,324
63943,1171450594,tg-c401,DEV,+BEGIN HARDWARE ERROR STATE AT CPE,computation,324
63944,1171450594,tg-c401,DEV,+Platform PCI Component Error Info Section,computation,324
63945,1171450594,tg-c401,DEV,"Component Info: Vendor Id =x x, Device Id =x x, Class Code =x x, Seg Bus Dev Func =x x x x x",computation,324
63946,1171450595,tg-c401,DEV,+END HARDWARE ERROR STATE AT CPE,computation,324
63947,1171450595,tg-c401,DEV,+Platform PCI Component Error Info Section,computation,324
63948,1171450595,tg-c401,DEV,+Platform Specific Error Info Section,computation,324
63949,1171450595,tg-c401,DEV,"Component Info: Vendor Id =x x, Device Id =x x, Class Code =x x, Seg Bus Dev Func =x x x x x",computation,324
63950,1171450595,tg-c401,DEV,"Component Info: Vendor Id =x x, Device Id =x x, Class Code =x x, Seg Bus Dev Func =x x x x x",computation,324
63951,1171450595,tg-c401,DEV,"Component Info: Vendor Id =x x, Device Id =x x, Class Code =x x, Seg Bus Dev Func =x x x x x",computation,324
63952,1171450595,tg-c401,DEV,+ Platform Specific Error Detail:,computation,324
63953,1171450595,tg-c401,MEM,"Physical Address x, Address Mask: x, Node: x, Card: x, Module: x, Bank: x, Device: x, Row: x, Column: x,",computation,324
63954,1171450595,tg-c401,MEM,"Physical Address x, Address Mask: x, Node: x, Card: x, Module: x, Bank: x, Device: x, Row: x, Column: x,",computation,324
63955,1171450610,tg-c401,DEV,+BEGIN HARDWARE ERROR STATE AT CPE,computation,324
63956,1171450610,tg-c401,DEV,+Platform PCI Component Error Info Section,computation,324
63957,1171450610,tg-c401,DEV,"Component Info: Vendor Id =x x, Device Id =x x, Class Code =x x, Seg Bus Dev Func =x x x x x",computation,324
63958,1171450610,tg-c401,DEV,"Component Info: Vendor Id =x x, Device Id =x x, Class Code =x x, Seg Bus Dev Func =x x x x x",computation,324
63959,1171450611,tg-c401,DEV,+Platform Specific Error Info Section,computation,324
63960,1171450611,tg-c401,DEV,"Component Info: Vendor Id =x x, Device Id =x x, Class Code =x x, Seg Bus Dev Func =x x x x x",computation,324
63961,1171450611,tg-c401,DEV,"Component Info: Vendor Id =x x, Device Id =x x, Class Code =x x, Seg Bus Dev Func =x x x x x",computation,324
63962,1171450611,tg-c401,DEV,+ Platform Specific Error Detail:,computation,324
63963,1171450611,tg-c401,MEM,"Physical Address x, Address Mask: x, Node: x, Card: x, Module: x, Bank: x, Device: x, Row: x, Column: x,",computation,324
63964,1171450611,tg-c401,MEM,"Physical Address x, Address Mask: x, Node: x, Card: x, Module: x, Bank: x, Device: x, Row: x, Column: x,",computation,324
63965,1171450617,tg-c401,DEV,+BEGIN HARDWARE ERROR STATE AT CPE,computation,324
63966,1171450617,tg-c401,DEV,+Platform PCI Component Error Info Section,computation,324
63967,1171450617,tg-c401,DEV,"Component Info: Vendor Id =x x, Device Id =x x, Class Code =x x, Seg Bus Dev Func =x x x x x",computation,324
63968,1171450617,tg-c401,DEV,"Component Info: Vendor Id =x x, Device Id =x x, Class Code =x x, Seg Bus Dev Func =x x x x x",computation,324
63969,1171450617,tg-c401,DEV,"Component Info: Vendor Id =x x, Device Id =x x, Class Code =x x, Seg Bus Dev Func =x x x x x",computation,324
63970,1171450617,tg-c401,DEV,"Component Info: Vendor Id =x x, Device Id =x x, Class Code =x x, Seg Bus Dev Func =x x x x x",computation,324
63971,1171450618,tg-c401,DEV,+Platform Specific Error Info Section,computation,324
63972,1171450618,tg-c401,DEV,+ Platform Specific Error Detail:,computation,324
63973,1171450618,tg-c401,MEM,"Physical Address x, Address Mask: x, Node: x, Card: x, Module: x, Bank: x, Device: x, Row: x, Column: x,",computation,324
63974,1171450618,tg-c401,MEM,"Physical Address x, Address Mask: x, Node: x, Card: x, Module: x, Bank: x, Device: x, Row: x, Column: x,",computation,324
63975,1171450703,tg-c401,DEV,+BEGIN HARDWARE ERROR STATE AT CPE,computation,324
63976,1171450703,tg-c401,DEV,+END HARDWARE ERROR STATE AT CPE,computation,324
63977,1171450703,tg-c401,DEV,+Platform PCI Component Error Info Section,computation,324
63978,1171450703,tg-c401,DEV,+Platform Specific Error Info Section,computation,324
63979,1171450703,tg-c401,DEV,"Component Info: Vendor Id =x x, Device Id =x x, Class Code =x x, Seg Bus Dev Func =x x x x x",computation,324
63980,1171450703,tg-c401,DEV,"Component Info: Vendor Id =x x, Device Id =x x, Class Code =x x, Seg Bus Dev Func =x x x x x",computation,324
63981,1171450703,tg-c401,DEV,"Component Info: Vendor Id =x x, Device Id =x x, Class Code =x x, Seg Bus Dev Func =x x x x x",computation,324
63982,1171450703,tg-c401,DEV,"Component Info: Vendor Id =x x, Device Id =x x, Class Code =x x, Seg Bus Dev Func =x x x x x",computation,324
63983,1171450703,tg-c401,DEV,+ Platform Specific Error Detail:,computation,324
63984,1171450703,tg-c401,MEM,"Physical Address x, Address Mask: x, Node: x, Card: x, Module: x, Bank: x, Device: x, Row: x, Column: x,",computation,324
63985,1171450703,tg-c401,MEM,"Physical Address x, Address Mask: x, Node: x, Card: x, Module: x, Bank: x, Device: x, Row: x, Column: x,",computation,324
63986,1171450706,tg-c401,DEV,+BEGIN HARDWARE ERROR STATE AT CPE,computation,324
63987,1171450706,tg-c401,DEV,+Platform PCI Component Error Info Section,computation,324
63988,1171450706,tg-c401,DEV,"Component Info: Vendor Id =x x, Device Id =x x, Class Code =x x, Seg Bus Dev Func =x x x x x",computation,324
63989,1171450706,tg-c401,DEV,"Component Info: Vendor Id =x x, Device Id =x x, Class Code =x x, Seg Bus Dev Func =x x x x x",computation,324
63990,1171450707,tg-c401,DEV,+Platform Specific Error Info Section,computation,324
63991,1171450707,tg-c401,DEV,"Component Info: Vendor Id =x x, Device Id =x x, Class Code =x x, Seg Bus Dev Func =x x x x x",computation,324
63992,1171450707,tg-c401,DEV,"Component Info: Vendor Id =x x, Device Id =x x, Class Code =x x, Seg Bus Dev Func =x x x x x",computation,324
63993,1171450707,tg-c401,DEV,+ Platform Specific Error Detail:,computation,324
63994,1171450707,tg-c401,MEM,"Physical Address x, Address Mask: x, Node: x, Card: x, Module: x, Bank: x, Device: x, Row: x, Column: x,",computation,324
63995,1171450707,tg-c401,MEM,"Physical Address x, Address Mask: x, Node: x, Card: x, Module: x, Bank: x, Device: x, Row: x, Column: x,",computation,324
63996,1171450724,tg-c401,DEV,+BEGIN HARDWARE ERROR STATE AT CPE,computation,324
63997,1171450724,tg-c401,DEV,+END HARDWARE ERROR STATE AT CPE,computation,324
63998,1171450724,tg-c401,DEV,+Platform PCI Component Error Info Section,computation,324
63999,1171450724,tg-c401,DEV,+Platform Specific Error Info Section,computation,324
64000,1171450724,tg-c401,DEV,"Component Info: Vendor Id =x x, Device Id =x x, Class Code =x x, Seg Bus Dev Func =x x x x x",computation,324
64001,1171450724,tg-c401,DEV,"Component Info: Vendor Id =x x, Device Id =x x, Class Code =x x, Seg Bus Dev Func =x x x x x",computation,324
64002,1171450724,tg-c401,DEV,"Component Info: Vendor Id =x x, Device Id =x x, Class Code =x x, Seg Bus Dev Func =x x x x x",computation,324
64003,1171450724,tg-c401,DEV,+ Platform Specific Error Detail:,computation,324
64004,1171450724,tg-c401,MEM,"Physical Address x, Address Mask: x, Node: x, Card: x, Module: x, Bank: x, Device: x, Row: x, Column: x,",computation,324
64005,1171450724,tg-c401,MEM,"Physical Address x, Address Mask: x, Node: x, Card: x, Module: x, Bank: x, Device: x, Row: x, Column: x,",computation,324
64006,1171450729,tg-c401,DEV,+BEGIN HARDWARE ERROR STATE AT CPE,computation,324
64007,1171450730,tg-c401,DEV,+END HARDWARE ERROR STATE AT CPE,computation,324
64008,1171450730,tg-c401,DEV,+Platform PCI Component Error Info Section,computation,324
64009,1171450730,tg-c401,DEV,+Platform Specific Error Info Section,computation,324
64010,1171450730,tg-c401,DEV,"Component Info: Vendor Id =x x, Device Id =x x, Class Code =x x, Seg Bus Dev Func =x x x x x",computation,324
64011,1171450730,tg-c401,DEV,"Component Info: Vendor Id =x x, Device Id =x x, Class Code =x x, Seg Bus Dev Func =x x x x x",computation,324
64012,1171450730,tg-c401,DEV,"Component Info: Vendor Id =x x, Device Id =x x, Class Code =x x, Seg Bus Dev Func =x x x x x",computation,324
64013,1171450730,tg-c401,DEV,"Component Info: Vendor Id =x x, Device Id =x x, Class Code =x x, Seg Bus Dev Func =x x x x x",computation,324
64014,1171450730,tg-c401,DEV,+ Platform Specific Error Detail:,computation,324
64015,1171450730,tg-c401,MEM,"Physical Address x, Address Mask: x, Node: x, Card: x, Module: x, Bank: x, Device: x, Row: x, Column: x,",computation,324
64016,1171450730,tg-c401,MEM,"Physical Address x, Address Mask: x, Node: x, Card: x, Module: x, Bank: x, Device: x, Row: x, Column: x,",computation,324
64017,1171450766,tg-c401,DEV,+BEGIN HARDWARE ERROR STATE AT CPE,computation,324
64018,1171450766,tg-c401,DEV,+Platform PCI Component Error Info Section,computation,324
64019,1171450766,tg-c401,DEV,"Component Info: Vendor Id =x x, Device Id =x x, Class Code =x x, Seg Bus Dev Func =x x x x x",computation,324
64020,1171450766,tg-c401,DEV,"Component Info: Vendor Id =x x, Device Id =x x, Class Code =x x, Seg Bus Dev Func =x x x x x",computation,324
64021,1171450766,tg-c401,DEV,"Component Info: Vendor Id =x x, Device Id =x x, Class Code =x x, Seg Bus Dev Func =x x x x x",computation,324
64022,1171450766,tg-c401,DEV,"Component Info: Vendor Id =x x, Device Id =x x, Class Code =x x, Seg Bus Dev Func =x x x x x",computation,324
64023,1171450767,tg-c401,DEV,+END HARDWARE ERROR STATE AT CPE,computation,324
64024,1171450767,tg-c401,DEV,+Platform Specific Error Info Section,computation,324
64025,1171450767,tg-c401,DEV,+ Platform Specific Error Detail:,computation,324
64026,1171450767,tg-c401,MEM,"Physical Address x, Address Mask: x, Node: x, Card: x, Module: x, Bank: x, Device: x, Row: x, Column: x,",computation,324
64027,1171450767,tg-c401,MEM,"Physical Address x, Address Mask: x, Node: x, Card: x, Module: x, Bank: x, Device: x, Row: x, Column: x,",computation,324
64028,1171450778,tg-c401,DEV,+BEGIN HARDWARE ERROR STATE AT CPE,computation,324
64029,1171450778,tg-c401,DEV,+END HARDWARE ERROR STATE AT CPE,computation,324
64030,1171450778,tg-c401,DEV,+Platform PCI Component Error Info Section,computation,324
64031,1171450778,tg-c401,DEV,+Platform Specific Error Info Section,computation,324
64032,1171450778,tg-c401,DEV,"Component Info: Vendor Id =x x, Device Id =x x, Class Code =x x, Seg Bus Dev Func =x x x x x",computation,324
64033,1171450778,tg-c401,DEV,"Component Info: Vendor Id =x x, Device Id =x x, Class Code =x x, Seg Bus Dev Func =x x x x x",computation,324
64034,1171450778,tg-c401,DEV,"Component Info: Vendor Id =x x, Device Id =x x, Class Code =x x, Seg Bus Dev Func =x x x x x",computation,324
64035,1171450778,tg-c401,DEV,"Component Info: Vendor Id =x x, Device Id =x x, Class Code =x x, Seg Bus Dev Func =x x x x x",computation,324
64036,1171450778,tg-c401,DEV,+ Platform Specific Error Detail:,computation,324
64037,1171450778,tg-c401,MEM,"Physical Address x, Address Mask: x, Node: x, Card: x, Module: x, Bank: x, Device: x, Row: x, Column: x,",computation,324
64038,1171450778,tg-c401,MEM,"Physical Address x, Address Mask: x, Node: x, Card: x, Module: x, Bank: x, Device: x, Row: x, Column: x,",computation,324
64039,1171450781,tg-c401,DEV,+BEGIN HARDWARE ERROR STATE AT CPE,computation,324
64040,1171450781,tg-c401,DEV,+Platform PCI Component Error Info Section,computation,324
64041,1171450781,tg-c401,DEV,"Component Info: Vendor Id =x x, Device Id =x x, Class Code =x x, Seg Bus Dev Func =x x x x x",computation,324
64042,1171450782,tg-c401,DEV,+BEGIN HARDWARE ERROR STATE AT CPE,computation,324
64043,1171450782,tg-c401,DEV,+Platform PCI Component Error Info Section,computation,324
64044,1171450782,tg-c401,DEV,+Platform Specific Error Info Section,computation,324
64045,1171450782,tg-c401,DEV,"Component Info: Vendor Id =x x, Device Id =x x, Class Code =x x, Seg Bus Dev Func =x x x x x",computation,324
64046,1171450782,tg-c401,DEV,"Component Info: Vendor Id =x x, Device Id =x x, Class Code =x x, Seg Bus Dev Func =x x x x x",computation,324
64047,1171450782,tg-c401,DEV,"Component Info: Vendor Id =x x, Device Id =x x, Class Code =x x, Seg Bus Dev Func =x x x x x",computation,324
64048,1171450782,tg-c401,DEV,"Component Info: Vendor Id =x x, Device Id =x x, Class Code =x x, Seg Bus Dev Func =x x x x x",computation,324
64049,1171450782,tg-c401,DEV,"Component Info: Vendor Id =x x, Device Id =x x, Class Code =x x, Seg Bus Dev Func =x x x x x",computation,324
64050,1171450782,tg-c401,MEM,"Physical Address x, Address Mask: x, Node: x, Card: x, Module: x, Bank: x, Device: x, Row: x, Column: x,",computation,324
64051,1171450782,tg-c401,MEM,"Physical Address x, Address Mask: x, Node: x, Card: x, Module: x, Bank: x, Device: x, Row: x, Column: x,",computation,324
64052,1171450783,tg-c401,DEV,+END HARDWARE ERROR STATE AT CPE,computation,324
64053,1171450783,tg-c401,DEV,+Platform Specific Error Info Section,computation,324
64054,1171450783,tg-c401,DEV,"Component Info: Vendor Id =x x, Device Id =x x, Class Code =x x, Seg Bus Dev Func =x x x x x",computation,324
64055,1171450783,tg-c401,DEV,"Component Info: Vendor Id =x x, Device Id =x x, Class Code =x x, Seg Bus Dev Func =x x x x x",computation,324
64056,1171450783,tg-c401,DEV,+ Platform Specific Error Detail:,computation,324
64057,1171450783,tg-c401,MEM,"Physical Address x, Address Mask: x, Node: x, Card: x, Module: x, Bank: x, Device: x, Row: x, Column: x,",computation,324
64058,1171450783,tg-c401,MEM,"Physical Address x, Address Mask: x, Node: x, Card: x, Module: x, Bank: x, Device: x, Row: x, Column: x,",computation,324
64059,1171450786,tg-c401,DEV,+BEGIN HARDWARE ERROR STATE AT CPE,computation,324
64060,1171450786,tg-c401,DEV,+Platform PCI Component Error Info Section,computation,324
64061,1171450786,tg-c401,DEV,+Platform Specific Error Info Section,computation,324
64062,1171450786,tg-c401,DEV,"Component Info: Vendor Id =x x, Device Id =x x, Class Code =x x, Seg Bus Dev Func =x x x x x",computation,324
64063,1171450786,tg-c401,DEV,"Component Info: Vendor Id =x x, Device Id =x x, Class Code =x x, Seg Bus Dev Func =x x x x x",computation,324
64064,1171450786,tg-c401,DEV,"Component Info: Vendor Id =x x, Device Id =x x, Class Code =x x, Seg Bus Dev Func =x x x x x",computation,324
64065,1171450786,tg-c401,DEV,"Component Info: Vendor Id =x x, Device Id =x x, Class Code =x x, Seg Bus Dev Func =x x x x x",computation,324
64066,1171450786,tg-c401,DEV,+ Platform Specific Error Detail:,computation,324
64067,1171450786,tg-c401,MEM,"Physical Address x, Address Mask: x, Node: x, Card: x, Module: x, Bank: x, Device: x, Row: x, Column: x,",computation,324
64068,1171450786,tg-c401,MEM,"Physical Address x, Address Mask: x, Node: x, Card: x, Module: x, Bank: x, Device: x, Row: x, Column: x,",computation,324
64069,1171450794,tg-c401,DEV,+BEGIN HARDWARE ERROR STATE AT CPE,computation,324
64070,1171450794,tg-c401,DEV,+Platform PCI Component Error Info Section,computation,324
64071,1171450794,tg-c401,DEV,+Platform Specific Error Info Section,computation,324
64072,1171450794,tg-c401,DEV,"Component Info: Vendor Id =x x, Device Id =x x, Class Code =x x, Seg Bus Dev Func =x x x x x",computation,324
64073,1171450794,tg-c401,DEV,"Component Info: Vendor Id =x x, Device Id =x x, Class Code =x x, Seg Bus Dev Func =x x x x x",computation,324
64074,1171450794,tg-c401,DEV,"Component Info: Vendor Id =x x, Device Id =x x, Class Code =x x, Seg Bus Dev Func =x x x x x",computation,324
64075,1171450794,tg-c401,DEV,"Component Info: Vendor Id =x x, Device Id =x x, Class Code =x x, Seg Bus Dev Func =x x x x x",computation,324
64076,1171450794,tg-c401,MEM,"Physical Address x, Address Mask: x, Node: x, Card: x, Module: x, Bank: x, Device: x, Row: x, Column: x,",computation,324
64077,1171450794,tg-c401,MEM,"Physical Address x, Address Mask: x, Node: x, Card: x, Module: x, Bank: x, Device: x, Row: x, Column: x,",computation,324
64078,1171450795,tg-c401,DEV,+BEGIN HARDWARE ERROR STATE AT CPE,computation,324
64079,1171450795,tg-c401,DEV,+Platform PCI Component Error Info Section,computation,324
64080,1171450795,tg-c401,DEV,+Platform Specific Error Info Section,computation,324
64081,1171450795,tg-c401,DEV,"Component Info: Vendor Id =x x, Device Id =x x, Class Code =x x, Seg Bus Dev Func =x x x x x",computation,324
64082,1171450795,tg-c401,DEV,"Component Info: Vendor Id =x x, Device Id =x x, Class Code =x x, Seg Bus Dev Func =x x x x x",computation,324
64083,1171450795,tg-c401,DEV,"Component Info: Vendor Id =x x, Device Id =x x, Class Code =x x, Seg Bus Dev Func =x x x x x",computation,324
64084,1171450795,tg-c401,DEV,"Component Info: Vendor Id =x x, Device Id =x x, Class Code =x x, Seg Bus Dev Func =x x x x x",computation,324
64085,1171450795,tg-c401,DEV,+ Platform Specific Error Detail:,computation,324
64086,1171450795,tg-c401,MEM,"Physical Address x, Address Mask: x, Node: x, Card: x, Module: x, Bank: x, Device: x, Row: x, Column: x,",computation,324
64087,1171450795,tg-c401,MEM,"Physical Address x, Address Mask: x, Node: x, Card: x, Module: x, Bank: x, Device: x, Row: x, Column: x,",computation,324
64088,1171450821,tg-c401,DEV,+BEGIN HARDWARE ERROR STATE AT CPE,computation,324
64089,1171450821,tg-c401,DEV,+Platform PCI Component Error Info Section,computation,324
64090,1171450821,tg-c401,DEV,"Component Info: Vendor Id =x x, Device Id =x x, Class Code =x x, Seg Bus Dev Func =x x x x x",computation,324
64091,1171450848,tg-c401,DEV,+BEGIN HARDWARE ERROR STATE AT CPE,computation,324
64092,1171450848,tg-c401,DEV,+END HARDWARE ERROR STATE AT CPE,computation,324
64093,1171450848,tg-c401,DEV,+Platform PCI Component Error Info Section,computation,324
64094,1171450848,tg-c401,DEV,+Platform Specific Error Info Section,computation,324
64095,1171450848,tg-c401,DEV,"Component Info: Vendor Id =x x, Device Id =x x, Class Code =x x, Seg Bus Dev Func =x x x x x",computation,324
64096,1171450848,tg-c401,DEV,+ Platform Specific Error Detail:,computation,324
64097,1171450848,tg-c401,MEM,"Physical Address x, Address Mask: x, Node: x, Card: x, Module: x, Bank: x, Device: x, Row: x, Column: x,",computation,324
64098,1171450848,tg-c401,MEM,"Physical Address x, Address Mask: x, Node: x, Card: x, Module: x, Bank: x, Device: x, Row: x, Column: x,",computation,324
64099,1171450907,tg-c401,DEV,+BEGIN HARDWARE ERROR STATE AT CPE,computation,324
64100,1171450908,tg-c401,DEV,+Platform PCI Component Error Info Section,computation,324
64101,1171450908,tg-c401,DEV,"Component Info: Vendor Id =x x, Device Id =x x, Class Code =x x, Seg Bus Dev Func =x x x x x",computation,324
64102,1171450908,tg-c401,DEV,"Component Info: Vendor Id =x x, Device Id =x x, Class Code =x x, Seg Bus Dev Func =x x x x x",computation,324
64103,1171450971,tg-c401,DEV,+BEGIN HARDWARE ERROR STATE AT CPE,computation,324
64104,1171450972,tg-c401,DEV,+Platform PCI Component Error Info Section,computation,324
64105,1171450972,tg-c401,DEV,"Component Info: Vendor Id =x x, Device Id =x x, Class Code =x x, Seg Bus Dev Func =x x x x x",computation,324
64106,1171450972,tg-c401,DEV,"Component Info: Vendor Id =x x, Device Id =x x, Class Code =x x, Seg Bus Dev Func =x x x x x",computation,324
64107,1171451034,tg-c401,DEV,+BEGIN HARDWARE ERROR STATE AT CPE,computation,324
64108,1171451035,tg-c401,DEV,+Platform PCI Component Error Info Section,computation,324
64109,1171451035,tg-c401,DEV,+Platform Specific Error Info Section,computation,324
64110,1171451035,tg-c401,DEV,"Component Info: Vendor Id =x x, Device Id =x x, Class Code =x x, Seg Bus Dev Func =x x x x x",computation,324
64111,1171451035,tg-c401,DEV,"Component Info: Vendor Id =x x, Device Id =x x, Class Code =x x, Seg Bus Dev Func =x x x x x",computation,324
64112,1171451035,tg-c401,DEV,"Component Info: Vendor Id =x x, Device Id =x x, Class Code =x x, Seg Bus Dev Func =x x x x x",computation,324
64113,1171451035,tg-c401,DEV,"Component Info: Vendor Id =x x, Device Id =x x, Class Code =x x, Seg Bus Dev Func =x x x x x",computation,324
64114,1171451035,tg-c401,DEV,+ Platform Specific Error Detail:,computation,324
64115,1171451035,tg-c401,MEM,"Physical Address x, Address Mask: x, Node: x, Card: x, Module: x, Bank: x, Device: x, Row: x, Column: x,",computation,324
64116,1171451035,tg-c401,MEM,"Physical Address x, Address Mask: x, Node: x, Card: x, Module: x, Bank: x, Device: x, Row: x, Column: x,",computation,324
